1376319196.1333334;5.657777777777778;10.837657928466797;0.04666666666666666;7.353333333333335;0.08888888888888889;1.4;1376328197.0;5.657777777777777;11.208777957492401;0.05999999999999999;7.635555555555556;0.057777777777777775;1.3244444444444443;1376337197.4;5.624444444444442;12.062106662326391;7.948888888888888;8.355555555555556;0.04444444444444444;1.2399999999999998;1376346198.2333333;5.575555555555555;11.85544882880317;0.46888888888888874;8.182222222222224;0.02888888888888889;1.0377777777777781;1376355199.0666666;5.6333333333333355;13.433226691351997;5.8311111111111105;8.540000000000001;0.02666666666666667;0.9977777777777779;1376364199.8;5.633333333333331;11.013229793972439;0.058119658119658114;7.627692307692309;0.02222222222222222;0.8866666666666669;1376373200.4666667;5.588888888888889;11.359883202446833;0.04666666666666666;7.533333333333332;0.02888888888888889;1.06;1376382201.2333333;5.666666666666667;10.930996365017362;0.048888888888888885;7.408888888888891;0.05999999999999999;1.2200000000000002;1376391202.3;5.65111111111111;11.497667524549694;0.048888888888888885;7.897777777777776;0.07777777777777777;1.38;1376400202.6666667;5.708888888888889;11.226556989881727;0.4733333333333333;7.957777777777777;0.06666666666666667;1.3355555555555556;5.0
1376328197.0;5.657777777777777;11.208777957492401;0.05999999999999999;7.635555555555556;0.057777777777777775;1.3244444444444443;1376337197.4;5.624444444444442;12.062106662326391;7.948888888888888;8.355555555555556;0.04444444444444444;1.2399999999999998;1376346198.2333333;5.575555555555555;11.85544882880317;0.46888888888888874;8.182222222222224;0.02888888888888889;1.0377777777777781;1376355199.0666666;5.6333333333333355;13.433226691351997;5.8311111111111105;8.540000000000001;0.02666666666666667;0.9977777777777779;1376364199.8;5.633333333333331;11.013229793972439;0.058119658119658114;7.627692307692309;0.02222222222222222;0.8866666666666669;1376373200.4666667;5.588888888888889;11.359883202446833;0.04666666666666666;7.533333333333332;0.02888888888888889;1.06;1376382201.2333333;5.666666666666667;10.930996365017362;0.048888888888888885;7.408888888888891;0.05999999999999999;1.2200000000000002;1376391202.3;5.65111111111111;11.497667524549694;0.048888888888888885;7.897777777777776;0.07777777777777777;1.38;1376400202.6666667;5.708888888888889;11.226556989881727;0.4733333333333333;7.957777777777777;0.06666666666666667;1.3355555555555556;1376409203.8333333;5.724444444444443;13.742105695936415;5.8711111111111105;8.462222222222222;0.062222222222222213;1.3511111111111112;5.0
1376337197.4;5.624444444444442;12.062106662326391;7.948888888888888;8.355555555555556;0.04444444444444444;1.2399999999999998;1376346198.2333333;5.575555555555555;11.85544882880317;0.46888888888888874;8.182222222222224;0.02888888888888889;1.0377777777777781;1376355199.0666666;5.6333333333333355;13.433226691351997;5.8311111111111105;8.540000000000001;0.02666666666666667;0.9977777777777779;1376364199.8;5.633333333333331;11.013229793972439;0.058119658119658114;7.627692307692309;0.02222222222222222;0.8866666666666669;1376373200.4666667;5.588888888888889;11.359883202446833;0.04666666666666666;7.533333333333332;0.02888888888888889;1.06;1376382201.2333333;5.666666666666667;10.930996365017362;0.048888888888888885;7.408888888888891;0.05999999999999999;1.2200000000000002;1376391202.3;5.65111111111111;11.497667524549694;0.048888888888888885;7.897777777777776;0.07777777777777777;1.38;1376400202.6666667;5.708888888888889;11.226556989881727;0.4733333333333333;7.957777777777777;0.06666666666666667;1.3355555555555556;1376409203.8333333;5.724444444444443;13.742105695936415;5.8711111111111105;8.462222222222222;0.062222222222222213;1.3511111111111112;1376418205.0;5.586666666666665;11.579894171820744;0.048888888888888885;7.653333333333333;0.048888888888888885;1.2644444444444443;5.0
1376346198.2333333;5.575555555555555;11.85544882880317;0.46888888888888874;8.182222222222224;0.02888888888888889;1.0377777777777781;1376355199.0666666;5.6333333333333355;13.433226691351997;5.8311111111111105;8.540000000000001;0.02666666666666667;0.9977777777777779;1376364199.8;5.633333333333331;11.013229793972439;0.058119658119658114;7.627692307692309;0.02222222222222222;0.8866666666666669;1376373200.4666667;5.588888888888889;11.359883202446833;0.04666666666666666;7.533333333333332;0.02888888888888889;1.06;1376382201.2333333;5.666666666666667;10.930996365017362;0.048888888888888885;7.408888888888891;0.05999999999999999;1.2200000000000002;1376391202.3;5.65111111111111;11.497667524549694;0.048888888888888885;7.897777777777776;0.07777777777777777;1.38;1376400202.6666667;5.708888888888889;11.226556989881727;0.4733333333333333;7.957777777777777;0.06666666666666667;1.3355555555555556;1376409203.8333333;5.724444444444443;13.742105695936415;5.8711111111111105;8.462222222222222;0.062222222222222213;1.3511111111111112;1376418205.0;5.586666666666665;11.579894171820744;0.048888888888888885;7.653333333333333;0.048888888888888885;1.2644444444444443;1376427206.0;5.604444444444443;11.84877183702257;5.839999999999998;8.075555555555555;0.03333333333333333;1.1977777777777776;5.0
1376355199.0666666;5.6333333333333355;13.433226691351997;5.8311111111111105;8.540000000000001;0.02666666666666667;0.9977777777777779;1376364199.8;5.633333333333331;11.013229793972439;0.058119658119658114;7.627692307692309;0.02222222222222222;0.8866666666666669;1376373200.4666667;5.588888888888889;11.359883202446833;0.04666666666666666;7.533333333333332;0.02888888888888889;1.06;1376382201.2333333;5.666666666666667;10.930996365017362;0.048888888888888885;7.408888888888891;0.05999999999999999;1.2200000000000002;1376391202.3;5.65111111111111;11.497667524549694;0.048888888888888885;7.897777777777776;0.07777777777777777;1.38;1376400202.6666667;5.708888888888889;11.226556989881727;0.4733333333333333;7.957777777777777;0.06666666666666667;1.3355555555555556;1376409203.8333333;5.724444444444443;13.742105695936415;5.8711111111111105;8.462222222222222;0.062222222222222213;1.3511111111111112;1376418205.0;5.586666666666665;11.579894171820744;0.048888888888888885;7.653333333333333;0.048888888888888885;1.2644444444444443;1376427206.0;5.604444444444443;11.84877183702257;5.839999999999998;8.075555555555555;0.03333333333333333;1.1977777777777776;1376436206.0333333;5.524444444444443;11.555447896321615;0.05111111111111111;8.000000000000002;0.02222222222222222;0.9422222222222225;5.0
1376364199.8;5.633333333333331;11.013229793972439;0.058119658119658114;7.627692307692309;0.02222222222222222;0.8866666666666669;1376373200.4666667;5.588888888888889;11.359883202446833;0.04666666666666666;7.533333333333332;0.02888888888888889;1.06;1376382201.2333333;5.666666666666667;10.930996365017362;0.048888888888888885;7.408888888888891;0.05999999999999999;1.2200000000000002;1376391202.3;5.65111111111111;11.497667524549694;0.048888888888888885;7.897777777777776;0.07777777777777777;1.38;1376400202.6666667;5.708888888888889;11.226556989881727;0.4733333333333333;7.957777777777777;0.06666666666666667;1.3355555555555556;1376409203.8333333;5.724444444444443;13.742105695936415;5.8711111111111105;8.462222222222222;0.062222222222222213;1.3511111111111112;1376418205.0;5.586666666666665;11.579894171820744;0.048888888888888885;7.653333333333333;0.048888888888888885;1.2644444444444443;1376427206.0;5.604444444444443;11.84877183702257;5.839999999999998;8.075555555555555;0.03333333333333333;1.1977777777777776;1376436206.0333333;5.524444444444443;11.555447896321615;0.05111111111111111;8.000000000000002;0.02222222222222222;0.9422222222222225;1376445207.0333333;5.522222222222221;11.108778211805554;0.09111111111111114;7.3533333333333335;0.03333333333333333;0.8844444444444446;5.0
1376373200.4666667;5.588888888888889;11.359883202446833;0.04666666666666666;7.533333333333332;0.02888888888888889;1.06;1376382201.2333333;5.666666666666667;10.930996365017362;0.048888888888888885;7.408888888888891;0.05999999999999999;1.2200000000000002;1376391202.3;5.65111111111111;11.497667524549694;0.048888888888888885;7.897777777777776;0.07777777777777777;1.38;1376400202.6666667;5.708888888888889;11.226556989881727;0.4733333333333333;7.957777777777777;0.06666666666666667;1.3355555555555556;1376409203.8333333;5.724444444444443;13.742105695936415;5.8711111111111105;8.462222222222222;0.062222222222222213;1.3511111111111112;1376418205.0;5.586666666666665;11.579894171820744;0.048888888888888885;7.653333333333333;0.048888888888888885;1.2644444444444443;1376427206.0;5.604444444444443;11.84877183702257;5.839999999999998;8.075555555555555;0.03333333333333333;1.1977777777777776;1376436206.0333333;5.524444444444443;11.555447896321615;0.05111111111111111;8.000000000000002;0.02222222222222222;0.9422222222222225;1376445207.0333333;5.522222222222221;11.108778211805554;0.09111111111111114;7.3533333333333335;0.03333333333333333;0.8844444444444446;1376454208.1666667;5.695555555555557;11.322110493977865;0.4666666666666667;7.690940170940172;0.02888888888888889;0.8888888888888891;5.0
1376382201.2333333;5.666666666666667;10.930996365017362;0.048888888888888885;7.408888888888891;0.05999999999999999;1.2200000000000002;1376391202.3;5.65111111111111;11.497667524549694;0.048888888888888885;7.897777777777776;0.07777777777777777;1.38;1376400202.6666667;5.708888888888889;11.226556989881727;0.4733333333333333;7.957777777777777;0.06666666666666667;1.3355555555555556;1376409203.8333333;5.724444444444443;13.742105695936415;5.8711111111111105;8.462222222222222;0.062222222222222213;1.3511111111111112;1376418205.0;5.586666666666665;11.579894171820744;0.048888888888888885;7.653333333333333;0.048888888888888885;1.2644444444444443;1376427206.0;5.604444444444443;11.84877183702257;5.839999999999998;8.075555555555555;0.03333333333333333;1.1977777777777776;1376436206.0333333;5.524444444444443;11.555447896321615;0.05111111111111111;8.000000000000002;0.02222222222222222;0.9422222222222225;1376445207.0333333;5.522222222222221;11.108778211805554;0.09111111111111114;7.3533333333333335;0.03333333333333333;0.8844444444444446;1376454208.1666667;5.695555555555557;11.322110493977865;0.4666666666666667;7.690940170940172;0.02888888888888889;0.8888888888888891;1376463208.8;6.671111111111111;13.139887068006727;1.4200000000000004;9.340555555555557;0.06666666666666667;1.0144444444444445;5.0
1376391202.3;5.65111111111111;11.497667524549694;0.048888888888888885;7.897777777777776;0.07777777777777777;1.38;1376400202.6666667;5.708888888888889;11.226556989881727;0.4733333333333333;7.957777777777777;0.06666666666666667;1.3355555555555556;1376409203.8333333;5.724444444444443;13.742105695936415;5.8711111111111105;8.462222222222222;0.062222222222222213;1.3511111111111112;1376418205.0;5.586666666666665;11.579894171820744;0.048888888888888885;7.653333333333333;0.048888888888888885;1.2644444444444443;1376427206.0;5.604444444444443;11.84877183702257;5.839999999999998;8.075555555555555;0.03333333333333333;1.1977777777777776;1376436206.0333333;5.524444444444443;11.555447896321615;0.05111111111111111;8.000000000000002;0.02222222222222222;0.9422222222222225;1376445207.0333333;5.522222222222221;11.108778211805554;0.09111111111111114;7.3533333333333335;0.03333333333333333;0.8844444444444446;1376454208.1666667;5.695555555555557;11.322110493977865;0.4666666666666667;7.690940170940172;0.02888888888888889;0.8888888888888891;1376463208.8;6.671111111111111;13.139887068006727;1.4200000000000004;9.340555555555557;0.06666666666666667;1.0144444444444445;1376472209.4;5.9836363636363625;11.309882269965277;0.04555555555555556;7.494444444444444;0.035925925925925924;1.254074074074074;5.0
1376400202.6666667;5.708888888888889;11.226556989881727;0.4733333333333333;7.957777777777777;0.06666666666666667;1.3355555555555556;1376409203.8333333;5.724444444444443;13.742105695936415;5.8711111111111105;8.462222222222222;0.062222222222222213;1.3511111111111112;1376418205.0;5.586666666666665;11.579894171820744;0.048888888888888885;7.653333333333333;0.048888888888888885;1.2644444444444443;1376427206.0;5.604444444444443;11.84877183702257;5.839999999999998;8.075555555555555;0.03333333333333333;1.1977777777777776;1376436206.0333333;5.524444444444443;11.555447896321615;0.05111111111111111;8.000000000000002;0.02222222222222222;0.9422222222222225;1376445207.0333333;5.522222222222221;11.108778211805554;0.09111111111111114;7.3533333333333335;0.03333333333333333;0.8844444444444446;1376454208.1666667;5.695555555555557;11.322110493977865;0.4666666666666667;7.690940170940172;0.02888888888888889;0.8888888888888891;1376463208.8;6.671111111111111;13.139887068006727;1.4200000000000004;9.340555555555557;0.06666666666666667;1.0144444444444445;1376472209.4;5.9836363636363625;11.309882269965277;0.04555555555555556;7.494444444444444;0.035925925925925924;1.254074074074074;1376481210.4;5.538888888888889;10.579891628689237;0.048888888888888885;8.981111111111112;0.04444444444444444;1.3209259259259258;5.0
1376409203.8333333;5.724444444444443;13.742105695936415;5.8711111111111105;8.462222222222222;0.062222222222222213;1.3511111111111112;1376418205.0;5.586666666666665;11.579894171820744;0.048888888888888885;7.653333333333333;0.048888888888888885;1.2644444444444443;1376427206.0;5.604444444444443;11.84877183702257;5.839999999999998;8.075555555555555;0.03333333333333333;1.1977777777777776;1376436206.0333333;5.524444444444443;11.555447896321615;0.05111111111111111;8.000000000000002;0.02222222222222222;0.9422222222222225;1376445207.0333333;5.522222222222221;11.108778211805554;0.09111111111111114;7.3533333333333335;0.03333333333333333;0.8844444444444446;1376454208.1666667;5.695555555555557;11.322110493977865;0.4666666666666667;7.690940170940172;0.02888888888888889;0.8888888888888891;1376463208.8;6.671111111111111;13.139887068006727;1.4200000000000004;9.340555555555557;0.06666666666666667;1.0144444444444445;1376472209.4;5.9836363636363625;11.309882269965277;0.04555555555555556;7.494444444444444;0.035925925925925924;1.254074074074074;1376481210.4;5.538888888888889;10.579891628689237;0.048888888888888885;8.981111111111112;0.04444444444444444;1.3209259259259258;1376490211.4333334;5.887777777777776;11.240995407104492;0.0688888888888889;7.804444444444444;0.05555555555555555;1.3488888888888888;5.0
1376418205.0;5.586666666666665;11.579894171820744;0.048888888888888885;7.653333333333333;0.048888888888888885;1.2644444444444443;1376427206.0;5.604444444444443;11.84877183702257;5.839999999999998;8.075555555555555;0.03333333333333333;1.1977777777777776;1376436206.0333333;5.524444444444443;11.555447896321615;0.05111111111111111;8.000000000000002;0.02222222222222222;0.9422222222222225;1376445207.0333333;5.522222222222221;11.108778211805554;0.09111111111111114;7.3533333333333335;0.03333333333333333;0.8844444444444446;1376454208.1666667;5.695555555555557;11.322110493977865;0.4666666666666667;7.690940170940172;0.02888888888888889;0.8888888888888891;1376463208.8;6.671111111111111;13.139887068006727;1.4200000000000004;9.340555555555557;0.06666666666666667;1.0144444444444445;1376472209.4;5.9836363636363625;11.309882269965277;0.04555555555555556;7.494444444444444;0.035925925925925924;1.254074074074074;1376481210.4;5.538888888888889;10.579891628689237;0.048888888888888885;8.981111111111112;0.04444444444444444;1.3209259259259258;1376490211.4333334;5.887777777777776;11.240995407104492;0.0688888888888889;7.804444444444444;0.05555555555555555;1.3488888888888888;1376499211.9;5.643636363636364;11.391009012858074;0.04555555555555555;7.495555555555555;0.05111111111111111;1.2955555555555556;5.0
1376427206.0;5.604444444444443;11.84877183702257;5.839999999999998;8.075555555555555;0.03333333333333333;1.1977777777777776;1376436206.0333333;5.524444444444443;11.555447896321615;0.05111111111111111;8.000000000000002;0.02222222222222222;0.9422222222222225;1376445207.0333333;5.522222222222221;11.108778211805554;0.09111111111111114;7.3533333333333335;0.03333333333333333;0.8844444444444446;1376454208.1666667;5.695555555555557;11.322110493977865;0.4666666666666667;7.690940170940172;0.02888888888888889;0.8888888888888891;1376463208.8;6.671111111111111;13.139887068006727;1.4200000000000004;9.340555555555557;0.06666666666666667;1.0144444444444445;1376472209.4;5.9836363636363625;11.309882269965277;0.04555555555555556;7.494444444444444;0.035925925925925924;1.254074074074074;1376481210.4;5.538888888888889;10.579891628689237;0.048888888888888885;8.981111111111112;0.04444444444444444;1.3209259259259258;1376490211.4333334;5.887777777777776;11.240995407104492;0.0688888888888889;7.804444444444444;0.05555555555555555;1.3488888888888888;1376499211.9;5.643636363636364;11.391009012858074;0.04555555555555555;7.495555555555555;0.05111111111111111;1.2955555555555556;1376508213.2;5.582222222222223;11.94210730658637;5.846666666666667;7.964444444444444;0.04444444444444444;1.1911111111111115;5.0
1376436206.0333333;5.524444444444443;11.555447896321615;0.05111111111111111;8.000000000000002;0.02222222222222222;0.9422222222222225;1376445207.0333333;5.522222222222221;11.108778211805554;0.09111111111111114;7.3533333333333335;0.03333333333333333;0.8844444444444446;1376454208.1666667;5.695555555555557;11.322110493977865;0.4666666666666667;7.690940170940172;0.02888888888888889;0.8888888888888891;1376463208.8;6.671111111111111;13.139887068006727;1.4200000000000004;9.340555555555557;0.06666666666666667;1.0144444444444445;1376472209.4;5.9836363636363625;11.309882269965277;0.04555555555555556;7.494444444444444;0.035925925925925924;1.254074074074074;1376481210.4;5.538888888888889;10.579891628689237;0.048888888888888885;8.981111111111112;0.04444444444444444;1.3209259259259258;1376490211.4333334;5.887777777777776;11.240995407104492;0.0688888888888889;7.804444444444444;0.05555555555555555;1.3488888888888888;1376499211.9;5.643636363636364;11.391009012858074;0.04555555555555555;7.495555555555555;0.05111111111111111;1.2955555555555556;1376508213.2;5.582222222222223;11.94210730658637;5.846666666666667;7.964444444444444;0.04444444444444444;1.1911111111111115;1376517214.5;6.04888888888889;13.999894036187067;29.58000000000003;61.81333333333332;9.722222222222221;1.4599999999999997;5.0
1376445207.0333333;5.522222222222221;11.108778211805554;0.09111111111111114;7.3533333333333335;0.03333333333333333;0.8844444444444446;1376454208.1666667;5.695555555555557;11.322110493977865;0.4666666666666667;7.690940170940172;0.02888888888888889;0.8888888888888891;1376463208.8;6.671111111111111;13.139887068006727;1.4200000000000004;9.340555555555557;0.06666666666666667;1.0144444444444445;1376472209.4;5.9836363636363625;11.309882269965277;0.04555555555555556;7.494444444444444;0.035925925925925924;1.254074074074074;1376481210.4;5.538888888888889;10.579891628689237;0.048888888888888885;8.981111111111112;0.04444444444444444;1.3209259259259258;1376490211.4333334;5.887777777777776;11.240995407104492;0.0688888888888889;7.804444444444444;0.05555555555555555;1.3488888888888888;1376499211.9;5.643636363636364;11.391009012858074;0.04555555555555555;7.495555555555555;0.05111111111111111;1.2955555555555556;1376508213.2;5.582222222222223;11.94210730658637;5.846666666666667;7.964444444444444;0.04444444444444444;1.1911111111111115;1376517214.5;6.04888888888889;13.999894036187067;29.58000000000003;61.81333333333332;9.722222222222221;1.4599999999999997;1376526215.1333334;5.637777777777779;12.548783196343317;5.824444444444442;8.426666666666666;0.024444444444444442;0.9333333333333336;5.0
1376454208.1666667;5.695555555555557;11.322110493977865;0.4666666666666667;7.690940170940172;0.02888888888888889;0.8888888888888891;1376463208.8;6.671111111111111;13.139887068006727;1.4200000000000004;9.340555555555557;0.06666666666666667;1.0144444444444445;1376472209.4;5.9836363636363625;11.309882269965277;0.04555555555555556;7.494444444444444;0.035925925925925924;1.254074074074074;1376481210.4;5.538888888888889;10.579891628689237;0.048888888888888885;8.981111111111112;0.04444444444444444;1.3209259259259258;1376490211.4333334;5.887777777777776;11.240995407104492;0.0688888888888889;7.804444444444444;0.05555555555555555;1.3488888888888888;1376499211.9;5.643636363636364;11.391009012858074;0.04555555555555555;7.495555555555555;0.05111111111111111;1.2955555555555556;1376508213.2;5.582222222222223;11.94210730658637;5.846666666666667;7.964444444444444;0.04444444444444444;1.1911111111111115;1376517214.5;6.04888888888889;13.999894036187067;29.58000000000003;61.81333333333332;9.722222222222221;1.4599999999999997;1376526215.1333334;5.637777777777779;12.548783196343317;5.824444444444442;8.426666666666666;0.024444444444444442;0.9333333333333336;1376535216.1;5.460000000000002;11.184342278374565;0.05555555555555555;7.38;0.02666666666666667;0.7266666666666666;5.0
1376463208.8;6.671111111111111;13.139887068006727;1.4200000000000004;9.340555555555557;0.06666666666666667;1.0144444444444445;1376472209.4;5.9836363636363625;11.309882269965277;0.04555555555555556;7.494444444444444;0.035925925925925924;1.254074074074074;1376481210.4;5.538888888888889;10.579891628689237;0.048888888888888885;8.981111111111112;0.04444444444444444;1.3209259259259258;1376490211.4333334;5.887777777777776;11.240995407104492;0.0688888888888889;7.804444444444444;0.05555555555555555;1.3488888888888888;1376499211.9;5.643636363636364;11.391009012858074;0.04555555555555555;7.495555555555555;0.05111111111111111;1.2955555555555556;1376508213.2;5.582222222222223;11.94210730658637;5.846666666666667;7.964444444444444;0.04444444444444444;1.1911111111111115;1376517214.5;6.04888888888889;13.999894036187067;29.58000000000003;61.81333333333332;9.722222222222221;1.4599999999999997;1376526215.1333334;5.637777777777779;12.548783196343317;5.824444444444442;8.426666666666666;0.024444444444444442;0.9333333333333336;1376535216.1;5.460000000000002;11.184342278374565;0.05555555555555555;7.38;0.02666666666666667;0.7266666666666666;1376544216.8;5.557777777777778;11.664331648084852;0.055873015873015866;7.541746031746032;0.017777777777777778;0.7022222222222222;5.0
1376472209.4;5.9836363636363625;11.309882269965277;0.04555555555555556;7.494444444444444;0.035925925925925924;1.254074074074074;1376481210.4;5.538888888888889;10.579891628689237;0.048888888888888885;8.981111111111112;0.04444444444444444;1.3209259259259258;1376490211.4333334;5.887777777777776;11.240995407104492;0.0688888888888889;7.804444444444444;0.05555555555555555;1.3488888888888888;1376499211.9;5.643636363636364;11.391009012858074;0.04555555555555555;7.495555555555555;0.05111111111111111;1.2955555555555556;1376508213.2;5.582222222222223;11.94210730658637;5.846666666666667;7.964444444444444;0.04444444444444444;1.1911111111111115;1376517214.5;6.04888888888889;13.999894036187067;29.58000000000003;61.81333333333332;9.722222222222221;1.4599999999999997;1376526215.1333334;5.637777777777779;12.548783196343317;5.824444444444442;8.426666666666666;0.024444444444444442;0.9333333333333336;1376535216.1;5.460000000000002;11.184342278374565;0.05555555555555555;7.38;0.02666666666666667;0.7266666666666666;1376544216.8;5.557777777777778;11.664331648084852;0.055873015873015866;7.541746031746032;0.017777777777777778;0.7022222222222222;1376553217.7666667;5.524444444444445;11.426556481255425;0.05111111111111111;7.377777777777777;0.062222222222222213;1.202222222222222;5.0
1376481210.4;5.538888888888889;10.579891628689237;0.048888888888888885;8.981111111111112;0.04444444444444444;1.3209259259259258;1376490211.4333334;5.887777777777776;11.240995407104492;0.0688888888888889;7.804444444444444;0.05555555555555555;1.3488888888888888;1376499211.9;5.643636363636364;11.391009012858074;0.04555555555555555;7.495555555555555;0.05111111111111111;1.2955555555555556;1376508213.2;5.582222222222223;11.94210730658637;5.846666666666667;7.964444444444444;0.04444444444444444;1.1911111111111115;1376517214.5;6.04888888888889;13.999894036187067;29.58000000000003;61.81333333333332;9.722222222222221;1.4599999999999997;1376526215.1333334;5.637777777777779;12.548783196343317;5.824444444444442;8.426666666666666;0.024444444444444442;0.9333333333333336;1376535216.1;5.460000000000002;11.184342278374565;0.05555555555555555;7.38;0.02666666666666667;0.7266666666666666;1376544216.8;5.557777777777778;11.664331648084852;0.055873015873015866;7.541746031746032;0.017777777777777778;0.7022222222222222;1376553217.7666667;5.524444444444445;11.426556481255425;0.05111111111111111;7.377777777777777;0.062222222222222213;1.202222222222222;1376562218.4;5.72888888888889;13.17988713582357;6.584444444444444;10.835555555555556;0.06666666666666667;1.1533333333333335;5.0
1376490211.4333334;5.887777777777776;11.240995407104492;0.0688888888888889;7.804444444444444;0.05555555555555555;1.3488888888888888;1376499211.9;5.643636363636364;11.391009012858074;0.04555555555555555;7.495555555555555;0.05111111111111111;1.2955555555555556;1376508213.2;5.582222222222223;11.94210730658637;5.846666666666667;7.964444444444444;0.04444444444444444;1.1911111111111115;1376517214.5;6.04888888888889;13.999894036187067;29.58000000000003;61.81333333333332;9.722222222222221;1.4599999999999997;1376526215.1333334;5.637777777777779;12.548783196343317;5.824444444444442;8.426666666666666;0.024444444444444442;0.9333333333333336;1376535216.1;5.460000000000002;11.184342278374565;0.05555555555555555;7.38;0.02666666666666667;0.7266666666666666;1376544216.8;5.557777777777778;11.664331648084852;0.055873015873015866;7.541746031746032;0.017777777777777778;0.7022222222222222;1376553217.7666667;5.524444444444445;11.426556481255425;0.05111111111111111;7.377777777777777;0.062222222222222213;1.202222222222222;1376562218.4;5.72888888888889;13.17988713582357;6.584444444444444;10.835555555555556;0.06666666666666667;1.1533333333333335;1376571219.0;5.526666666666667;12.108779907226564;0.4955555555555555;7.873333333333334;0.05111111111111111;1.1355555555555557;5.0
1376499211.9;5.643636363636364;11.391009012858074;0.04555555555555555;7.495555555555555;0.05111111111111111;1.2955555555555556;1376508213.2;5.582222222222223;11.94210730658637;5.846666666666667;7.964444444444444;0.04444444444444444;1.1911111111111115;1376517214.5;6.04888888888889;13.999894036187067;29.58000000000003;61.81333333333332;9.722222222222221;1.4599999999999997;1376526215.1333334;5.637777777777779;12.548783196343317;5.824444444444442;8.426666666666666;0.024444444444444442;0.9333333333333336;1376535216.1;5.460000000000002;11.184342278374565;0.05555555555555555;7.38;0.02666666666666667;0.7266666666666666;1376544216.8;5.557777777777778;11.664331648084852;0.055873015873015866;7.541746031746032;0.017777777777777778;0.7022222222222222;1376553217.7666667;5.524444444444445;11.426556481255425;0.05111111111111111;7.377777777777777;0.062222222222222213;1.202222222222222;1376562218.4;5.72888888888889;13.17988713582357;6.584444444444444;10.835555555555556;0.06666666666666667;1.1533333333333335;1376571219.0;5.526666666666667;12.108779907226564;0.4955555555555555;7.873333333333334;0.05111111111111111;1.1355555555555557;1376580219.7666667;5.406666666666667;11.848779466417101;0.05111111111111111;7.246666666666666;0.02888888888888889;1.0133333333333334;5.0
1376508213.2;5.582222222222223;11.94210730658637;5.846666666666667;7.964444444444444;0.04444444444444444;1.1911111111111115;1376517214.5;6.04888888888889;13.999894036187067;29.58000000000003;61.81333333333332;9.722222222222221;1.4599999999999997;1376526215.1333334;5.637777777777779;12.548783196343317;5.824444444444442;8.426666666666666;0.024444444444444442;0.9333333333333336;1376535216.1;5.460000000000002;11.184342278374565;0.05555555555555555;7.38;0.02666666666666667;0.7266666666666666;1376544216.8;5.557777777777778;11.664331648084852;0.055873015873015866;7.541746031746032;0.017777777777777778;0.7022222222222222;1376553217.7666667;5.524444444444445;11.426556481255425;0.05111111111111111;7.377777777777777;0.062222222222222213;1.202222222222222;1376562218.4;5.72888888888889;13.17988713582357;6.584444444444444;10.835555555555556;0.06666666666666667;1.1533333333333335;1376571219.0;5.526666666666667;12.108779907226564;0.4955555555555555;7.873333333333334;0.05111111111111111;1.1355555555555557;1376580219.7666667;5.406666666666667;11.848779466417101;0.05111111111111111;7.246666666666666;0.02888888888888889;1.0133333333333334;1376589220.4666667;5.497777777777778;11.559896257188587;0.24444444444444444;7.3199999999999985;0.02888888888888889;0.9644444444444448;5.0
1376517214.5;6.04888888888889;13.999894036187067;29.58000000000003;61.81333333333332;9.722222222222221;1.4599999999999997;1376526215.1333334;5.637777777777779;12.548783196343317;5.824444444444442;8.426666666666666;0.024444444444444442;0.9333333333333336;1376535216.1;5.460000000000002;11.184342278374565;0.05555555555555555;7.38;0.02666666666666667;0.7266666666666666;1376544216.8;5.557777777777778;11.664331648084852;0.055873015873015866;7.541746031746032;0.017777777777777778;0.7022222222222222;1376553217.7666667;5.524444444444445;11.426556481255425;0.05111111111111111;7.377777777777777;0.062222222222222213;1.202222222222222;1376562218.4;5.72888888888889;13.17988713582357;6.584444444444444;10.835555555555556;0.06666666666666667;1.1533333333333335;1376571219.0;5.526666666666667;12.108779907226564;0.4955555555555555;7.873333333333334;0.05111111111111111;1.1355555555555557;1376580219.7666667;5.406666666666667;11.848779466417101;0.05111111111111111;7.246666666666666;0.02888888888888889;1.0133333333333334;1376589220.4666667;5.497777777777778;11.559896257188587;0.24444444444444444;7.3199999999999985;0.02888888888888889;0.9644444444444448;1376598221.2;5.537777777777778;13.222115410698786;6.14;8.008888888888889;0.024444444444444446;0.8977777777777781;5.0
1376526215.1333334;5.637777777777779;12.548783196343317;5.824444444444442;8.426666666666666;0.024444444444444442;0.9333333333333336;1376535216.1;5.460000000000002;11.184342278374565;0.05555555555555555;7.38;0.02666666666666667;0.7266666666666666;1376544216.8;5.557777777777778;11.664331648084852;0.055873015873015866;7.541746031746032;0.017777777777777778;0.7022222222222222;1376553217.7666667;5.524444444444445;11.426556481255425;0.05111111111111111;7.377777777777777;0.062222222222222213;1.202222222222222;1376562218.4;5.72888888888889;13.17988713582357;6.584444444444444;10.835555555555556;0.06666666666666667;1.1533333333333335;1376571219.0;5.526666666666667;12.108779907226564;0.4955555555555555;7.873333333333334;0.05111111111111111;1.1355555555555557;1376580219.7666667;5.406666666666667;11.848779466417101;0.05111111111111111;7.246666666666666;0.02888888888888889;1.0133333333333334;1376589220.4666667;5.497777777777778;11.559896257188587;0.24444444444444444;7.3199999999999985;0.02888888888888889;0.9644444444444448;1376598221.2;5.537777777777778;13.222115410698786;6.14;8.008888888888889;0.024444444444444446;0.8977777777777781;1376607222.0;5.40888888888889;11.58877690633138;0.14444444444444443;7.3355555555555565;0.02666666666666667;0.868888888888889;5.0
1376535216.1;5.460000000000002;11.184342278374565;0.05555555555555555;7.38;0.02666666666666667;0.7266666666666666;1376544216.8;5.557777777777778;11.664331648084852;0.055873015873015866;7.541746031746032;0.017777777777777778;0.7022222222222222;1376553217.7666667;5.524444444444445;11.426556481255425;0.05111111111111111;7.377777777777777;0.062222222222222213;1.202222222222222;1376562218.4;5.72888888888889;13.17988713582357;6.584444444444444;10.835555555555556;0.06666666666666667;1.1533333333333335;1376571219.0;5.526666666666667;12.108779907226564;0.4955555555555555;7.873333333333334;0.05111111111111111;1.1355555555555557;1376580219.7666667;5.406666666666667;11.848779466417101;0.05111111111111111;7.246666666666666;0.02888888888888889;1.0133333333333334;1376589220.4666667;5.497777777777778;11.559896257188587;0.24444444444444444;7.3199999999999985;0.02888888888888889;0.9644444444444448;1376598221.2;5.537777777777778;13.222115410698786;6.14;8.008888888888889;0.024444444444444446;0.8977777777777781;1376607222.0;5.40888888888889;11.58877690633138;0.14444444444444443;7.3355555555555565;0.02666666666666667;0.868888888888889;1376616222.4333334;5.395555555555557;11.497665405273438;0.02222222222222222;7.63111111111111;0.02;0.6599999999999999;5.0
1376544216.8;5.557777777777778;11.664331648084852;0.055873015873015866;7.541746031746032;0.017777777777777778;0.7022222222222222;1376553217.7666667;5.524444444444445;11.426556481255425;0.05111111111111111;7.377777777777777;0.062222222222222213;1.202222222222222;1376562218.4;5.72888888888889;13.17988713582357;6.584444444444444;10.835555555555556;0.06666666666666667;1.1533333333333335;1376571219.0;5.526666666666667;12.108779907226564;0.4955555555555555;7.873333333333334;0.05111111111111111;1.1355555555555557;1376580219.7666667;5.406666666666667;11.848779466417101;0.05111111111111111;7.246666666666666;0.02888888888888889;1.0133333333333334;1376589220.4666667;5.497777777777778;11.559896257188587;0.24444444444444444;7.3199999999999985;0.02888888888888889;0.9644444444444448;1376598221.2;5.537777777777778;13.222115410698786;6.14;8.008888888888889;0.024444444444444446;0.8977777777777781;1376607222.0;5.40888888888889;11.58877690633138;0.14444444444444443;7.3355555555555565;0.02666666666666667;0.868888888888889;1376616222.4333334;5.395555555555557;11.497665405273438;0.02222222222222222;7.63111111111111;0.02;0.6599999999999999;1376625223.0;5.473333333333334;13.339890374077692;5.835555555555556;8.239999999999998;0.02888888888888889;0.6733333333333335;5.0
1376553217.7666667;5.524444444444445;11.426556481255425;0.05111111111111111;7.377777777777777;0.062222222222222213;1.202222222222222;1376562218.4;5.72888888888889;13.17988713582357;6.584444444444444;10.835555555555556;0.06666666666666667;1.1533333333333335;1376571219.0;5.526666666666667;12.108779907226564;0.4955555555555555;7.873333333333334;0.05111111111111111;1.1355555555555557;1376580219.7666667;5.406666666666667;11.848779466417101;0.05111111111111111;7.246666666666666;0.02888888888888889;1.0133333333333334;1376589220.4666667;5.497777777777778;11.559896257188587;0.24444444444444444;7.3199999999999985;0.02888888888888889;0.9644444444444448;1376598221.2;5.537777777777778;13.222115410698786;6.14;8.008888888888889;0.024444444444444446;0.8977777777777781;1376607222.0;5.40888888888889;11.58877690633138;0.14444444444444443;7.3355555555555565;0.02666666666666667;0.868888888888889;1376616222.4333334;5.395555555555557;11.497665405273438;0.02222222222222222;7.63111111111111;0.02;0.6599999999999999;1376625223.0;5.473333333333334;13.339890374077692;5.835555555555556;8.239999999999998;0.02888888888888889;0.6733333333333335;1376634223.9333334;5.4222222222222225;11.559891170925564;1.0799999999999998;7.644285714285714;0.02222222222222222;0.7266666666666669;5.0
1376562218.4;5.72888888888889;13.17988713582357;6.584444444444444;10.835555555555556;0.06666666666666667;1.1533333333333335;1376571219.0;5.526666666666667;12.108779907226564;0.4955555555555555;7.873333333333334;0.05111111111111111;1.1355555555555557;1376580219.7666667;5.406666666666667;11.848779466417101;0.05111111111111111;7.246666666666666;0.02888888888888889;1.0133333333333334;1376589220.4666667;5.497777777777778;11.559896257188587;0.24444444444444444;7.3199999999999985;0.02888888888888889;0.9644444444444448;1376598221.2;5.537777777777778;13.222115410698786;6.14;8.008888888888889;0.024444444444444446;0.8977777777777781;1376607222.0;5.40888888888889;11.58877690633138;0.14444444444444443;7.3355555555555565;0.02666666666666667;0.868888888888889;1376616222.4333334;5.395555555555557;11.497665405273438;0.02222222222222222;7.63111111111111;0.02;0.6599999999999999;1376625223.0;5.473333333333334;13.339890374077692;5.835555555555556;8.239999999999998;0.02888888888888889;0.6733333333333335;1376634223.9333334;5.4222222222222225;11.559891170925564;1.0799999999999998;7.644285714285714;0.02222222222222222;0.7266666666666669;1376643224.7333333;5.391111111111113;11.733217451307507;0.008888888888888889;7.2622222222222215;0.02888888888888889;0.9955555555555556;5.0
1376571219.0;5.526666666666667;12.108779907226564;0.4955555555555555;7.873333333333334;0.05111111111111111;1.1355555555555557;1376580219.7666667;5.406666666666667;11.848779466417101;0.05111111111111111;7.246666666666666;0.02888888888888889;1.0133333333333334;1376589220.4666667;5.497777777777778;11.559896257188587;0.24444444444444444;7.3199999999999985;0.02888888888888889;0.9644444444444448;1376598221.2;5.537777777777778;13.222115410698786;6.14;8.008888888888889;0.024444444444444446;0.8977777777777781;1376607222.0;5.40888888888889;11.58877690633138;0.14444444444444443;7.3355555555555565;0.02666666666666667;0.868888888888889;1376616222.4333334;5.395555555555557;11.497665405273438;0.02222222222222222;7.63111111111111;0.02;0.6599999999999999;1376625223.0;5.473333333333334;13.339890374077692;5.835555555555556;8.239999999999998;0.02888888888888889;0.6733333333333335;1376634223.9333334;5.4222222222222225;11.559891170925564;1.0799999999999998;7.644285714285714;0.02222222222222222;0.7266666666666669;1376643224.7333333;5.391111111111113;11.733217451307507;0.008888888888888889;7.2622222222222215;0.02888888888888889;0.9955555555555556;1376652225.7333333;5.424444444444444;11.346548716227213;0.0022222222222222222;7.3355555555555565;0.028888888888888888;0.997777777777778;5.0
1376580219.7666667;5.406666666666667;11.848779466417101;0.05111111111111111;7.246666666666666;0.02888888888888889;1.0133333333333334;1376589220.4666667;5.497777777777778;11.559896257188587;0.24444444444444444;7.3199999999999985;0.02888888888888889;0.9644444444444448;1376598221.2;5.537777777777778;13.222115410698786;6.14;8.008888888888889;0.024444444444444446;0.8977777777777781;1376607222.0;5.40888888888889;11.58877690633138;0.14444444444444443;7.3355555555555565;0.02666666666666667;0.868888888888889;1376616222.4333334;5.395555555555557;11.497665405273438;0.02222222222222222;7.63111111111111;0.02;0.6599999999999999;1376625223.0;5.473333333333334;13.339890374077692;5.835555555555556;8.239999999999998;0.02888888888888889;0.6733333333333335;1376634223.9333334;5.4222222222222225;11.559891170925564;1.0799999999999998;7.644285714285714;0.02222222222222222;0.7266666666666669;1376643224.7333333;5.391111111111113;11.733217451307507;0.008888888888888889;7.2622222222222215;0.02888888888888889;0.9955555555555556;1376652225.7333333;5.424444444444444;11.346548716227213;0.0022222222222222222;7.3355555555555565;0.028888888888888888;0.997777777777778;1376661226.2333333;5.453333333333334;11.72210693359375;0.008888888888888889;7.7555555555555555;0.07111111111111111;1.2688888888888887;5.0
1376589220.4666667;5.497777777777778;11.559896257188587;0.24444444444444444;7.3199999999999985;0.02888888888888889;0.9644444444444448;1376598221.2;5.537777777777778;13.222115410698786;6.14;8.008888888888889;0.024444444444444446;0.8977777777777781;1376607222.0;5.40888888888889;11.58877690633138;0.14444444444444443;7.3355555555555565;0.02666666666666667;0.868888888888889;1376616222.4333334;5.395555555555557;11.497665405273438;0.02222222222222222;7.63111111111111;0.02;0.6599999999999999;1376625223.0;5.473333333333334;13.339890374077692;5.835555555555556;8.239999999999998;0.02888888888888889;0.6733333333333335;1376634223.9333334;5.4222222222222225;11.559891170925564;1.0799999999999998;7.644285714285714;0.02222222222222222;0.7266666666666669;1376643224.7333333;5.391111111111113;11.733217451307507;0.008888888888888889;7.2622222222222215;0.02888888888888889;0.9955555555555556;1376652225.7333333;5.424444444444444;11.346548716227213;0.0022222222222222222;7.3355555555555565;0.028888888888888888;0.997777777777778;1376661226.2333333;5.453333333333334;11.72210693359375;0.008888888888888889;7.7555555555555555;0.07111111111111111;1.2688888888888887;1376670227.3333333;5.5311111111111115;13.017668406168617;5.78;8.115555555555558;0.05999999999999999;1.344444444444444;5.0
1376598221.2;5.537777777777778;13.222115410698786;6.14;8.008888888888889;0.024444444444444446;0.8977777777777781;1376607222.0;5.40888888888889;11.58877690633138;0.14444444444444443;7.3355555555555565;0.02666666666666667;0.868888888888889;1376616222.4333334;5.395555555555557;11.497665405273438;0.02222222222222222;7.63111111111111;0.02;0.6599999999999999;1376625223.0;5.473333333333334;13.339890374077692;5.835555555555556;8.239999999999998;0.02888888888888889;0.6733333333333335;1376634223.9333334;5.4222222222222225;11.559891170925564;1.0799999999999998;7.644285714285714;0.02222222222222222;0.7266666666666669;1376643224.7333333;5.391111111111113;11.733217451307507;0.008888888888888889;7.2622222222222215;0.02888888888888889;0.9955555555555556;1376652225.7333333;5.424444444444444;11.346548716227213;0.0022222222222222222;7.3355555555555565;0.028888888888888888;0.997777777777778;1376661226.2333333;5.453333333333334;11.72210693359375;0.008888888888888889;7.7555555555555555;0.07111111111111111;1.2688888888888887;1376670227.3333333;5.5311111111111115;13.017668406168617;5.78;8.115555555555558;0.05999999999999999;1.344444444444444;1376679228.4666667;5.537777777777779;11.450996398925783;0.0022222222222222222;7.233333333333333;0.06888888888888887;1.3155555555555554;5.0
1376607222.0;5.40888888888889;11.58877690633138;0.14444444444444443;7.3355555555555565;0.02666666666666667;0.868888888888889;1376616222.4333334;5.395555555555557;11.497665405273438;0.02222222222222222;7.63111111111111;0.02;0.6599999999999999;1376625223.0;5.473333333333334;13.339890374077692;5.835555555555556;8.239999999999998;0.02888888888888889;0.6733333333333335;1376634223.9333334;5.4222222222222225;11.559891170925564;1.0799999999999998;7.644285714285714;0.02222222222222222;0.7266666666666669;1376643224.7333333;5.391111111111113;11.733217451307507;0.008888888888888889;7.2622222222222215;0.02888888888888889;0.9955555555555556;1376652225.7333333;5.424444444444444;11.346548716227213;0.0022222222222222222;7.3355555555555565;0.028888888888888888;0.997777777777778;1376661226.2333333;5.453333333333334;11.72210693359375;0.008888888888888889;7.7555555555555555;0.07111111111111111;1.2688888888888887;1376670227.3333333;5.5311111111111115;13.017668406168617;5.78;8.115555555555558;0.05999999999999999;1.344444444444444;1376679228.4666667;5.537777777777779;11.450996398925783;0.0022222222222222222;7.233333333333333;0.06888888888888887;1.3155555555555554;1376688229.0;5.475555555555557;12.999893612331814;6.195555555555556;8.028888888888888;0.057777777777777775;1.2244444444444444;5.0
1376616222.4333334;5.395555555555557;11.497665405273438;0.02222222222222222;7.63111111111111;0.02;0.6599999999999999;1376625223.0;5.473333333333334;13.339890374077692;5.835555555555556;8.239999999999998;0.02888888888888889;0.6733333333333335;1376634223.9333334;5.4222222222222225;11.559891170925564;1.0799999999999998;7.644285714285714;0.02222222222222222;0.7266666666666669;1376643224.7333333;5.391111111111113;11.733217451307507;0.008888888888888889;7.2622222222222215;0.02888888888888889;0.9955555555555556;1376652225.7333333;5.424444444444444;11.346548716227213;0.0022222222222222222;7.3355555555555565;0.028888888888888888;0.997777777777778;1376661226.2333333;5.453333333333334;11.72210693359375;0.008888888888888889;7.7555555555555555;0.07111111111111111;1.2688888888888887;1376670227.3333333;5.5311111111111115;13.017668406168617;5.78;8.115555555555558;0.05999999999999999;1.344444444444444;1376679228.4666667;5.537777777777779;11.450996398925783;0.0022222222222222222;7.233333333333333;0.06888888888888887;1.3155555555555554;1376688229.0;5.475555555555557;12.999893612331814;6.195555555555556;8.028888888888888;0.057777777777777775;1.2244444444444444;1376697229.9666667;5.424444444444444;12.497670915391712;0.0;6.9577777777777765;0.02888888888888889;1.0333333333333337;5.0
1376625223.0;5.473333333333334;13.339890374077692;5.835555555555556;8.239999999999998;0.02888888888888889;0.6733333333333335;1376634223.9333334;5.4222222222222225;11.559891170925564;1.0799999999999998;7.644285714285714;0.02222222222222222;0.7266666666666669;1376643224.7333333;5.391111111111113;11.733217451307507;0.008888888888888889;7.2622222222222215;0.02888888888888889;0.9955555555555556;1376652225.7333333;5.424444444444444;11.346548716227213;0.0022222222222222222;7.3355555555555565;0.028888888888888888;0.997777777777778;1376661226.2333333;5.453333333333334;11.72210693359375;0.008888888888888889;7.7555555555555555;0.07111111111111111;1.2688888888888887;1376670227.3333333;5.5311111111111115;13.017668406168617;5.78;8.115555555555558;0.05999999999999999;1.344444444444444;1376679228.4666667;5.537777777777779;11.450996398925783;0.0022222222222222222;7.233333333333333;0.06888888888888887;1.3155555555555554;1376688229.0;5.475555555555557;12.999893612331814;6.195555555555556;8.028888888888888;0.057777777777777775;1.2244444444444444;1376697229.9666667;5.424444444444444;12.497670915391712;0.0;6.9577777777777765;0.02888888888888889;1.0333333333333337;1376706231.0;5.395555555555557;11.555445353190104;0.0044444444444444444;7.5377777777777775;0.03111111111111111;0.9088888888888893;5.0
1376634223.9333334;5.4222222222222225;11.559891170925564;1.0799999999999998;7.644285714285714;0.02222222222222222;0.7266666666666669;1376643224.7333333;5.391111111111113;11.733217451307507;0.008888888888888889;7.2622222222222215;0.02888888888888889;0.9955555555555556;1376652225.7333333;5.424444444444444;11.346548716227213;0.0022222222222222222;7.3355555555555565;0.028888888888888888;0.997777777777778;1376661226.2333333;5.453333333333334;11.72210693359375;0.008888888888888889;7.7555555555555555;0.07111111111111111;1.2688888888888887;1376670227.3333333;5.5311111111111115;13.017668406168617;5.78;8.115555555555558;0.05999999999999999;1.344444444444444;1376679228.4666667;5.537777777777779;11.450996398925783;0.0022222222222222222;7.233333333333333;0.06888888888888887;1.3155555555555554;1376688229.0;5.475555555555557;12.999893612331814;6.195555555555556;8.028888888888888;0.057777777777777775;1.2244444444444444;1376697229.9666667;5.424444444444444;12.497670915391712;0.0;6.9577777777777765;0.02888888888888889;1.0333333333333337;1376706231.0;5.395555555555557;11.555445353190104;0.0044444444444444444;7.5377777777777775;0.03111111111111111;0.9088888888888893;1376715231.8666666;5.440000000000001;11.944336785210504;0.0044444444444444444;7.370634920634919;0.02666666666666667;0.9600000000000003;5.0
1376643224.7333333;5.391111111111113;11.733217451307507;0.008888888888888889;7.2622222222222215;0.02888888888888889;0.9955555555555556;1376652225.7333333;5.424444444444444;11.346548716227213;0.0022222222222222222;7.3355555555555565;0.028888888888888888;0.997777777777778;1376661226.2333333;5.453333333333334;11.72210693359375;0.008888888888888889;7.7555555555555555;0.07111111111111111;1.2688888888888887;1376670227.3333333;5.5311111111111115;13.017668406168617;5.78;8.115555555555558;0.05999999999999999;1.344444444444444;1376679228.4666667;5.537777777777779;11.450996398925783;0.0022222222222222222;7.233333333333333;0.06888888888888887;1.3155555555555554;1376688229.0;5.475555555555557;12.999893612331814;6.195555555555556;8.028888888888888;0.057777777777777775;1.2244444444444444;1376697229.9666667;5.424444444444444;12.497670915391712;0.0;6.9577777777777765;0.02888888888888889;1.0333333333333337;1376706231.0;5.395555555555557;11.555445353190104;0.0044444444444444444;7.5377777777777775;0.03111111111111111;0.9088888888888893;1376715231.8666666;5.440000000000001;11.944336785210504;0.0044444444444444444;7.370634920634919;0.02666666666666667;0.9600000000000003;1376724232.0333333;5.595555555555554;13.471007876925995;5.777777777777778;8.157777777777776;0.03111111111111111;1.0666666666666667;5.0
1376652225.7333333;5.424444444444444;11.346548716227213;0.0022222222222222222;7.3355555555555565;0.028888888888888888;0.997777777777778;1376661226.2333333;5.453333333333334;11.72210693359375;0.008888888888888889;7.7555555555555555;0.07111111111111111;1.2688888888888887;1376670227.3333333;5.5311111111111115;13.017668406168617;5.78;8.115555555555558;0.05999999999999999;1.344444444444444;1376679228.4666667;5.537777777777779;11.450996398925783;0.0022222222222222222;7.233333333333333;0.06888888888888887;1.3155555555555554;1376688229.0;5.475555555555557;12.999893612331814;6.195555555555556;8.028888888888888;0.057777777777777775;1.2244444444444444;1376697229.9666667;5.424444444444444;12.497670915391712;0.0;6.9577777777777765;0.02888888888888889;1.0333333333333337;1376706231.0;5.395555555555557;11.555445353190104;0.0044444444444444444;7.5377777777777775;0.03111111111111111;0.9088888888888893;1376715231.8666666;5.440000000000001;11.944336785210504;0.0044444444444444444;7.370634920634919;0.02666666666666667;0.9600000000000003;1376724232.0333333;5.595555555555554;13.471007876925995;5.777777777777778;8.157777777777776;0.03111111111111111;1.0666666666666667;1376733233.3;5.52;11.733221689860027;0.0044444444444444444;7.235555555555556;0.035555555555555556;1.1777777777777778;5.0
1376661226.2333333;5.453333333333334;11.72210693359375;0.008888888888888889;7.7555555555555555;0.07111111111111111;1.2688888888888887;1376670227.3333333;5.5311111111111115;13.017668406168617;5.78;8.115555555555558;0.05999999999999999;1.344444444444444;1376679228.4666667;5.537777777777779;11.450996398925783;0.0022222222222222222;7.233333333333333;0.06888888888888887;1.3155555555555554;1376688229.0;5.475555555555557;12.999893612331814;6.195555555555556;8.028888888888888;0.057777777777777775;1.2244444444444444;1376697229.9666667;5.424444444444444;12.497670915391712;0.0;6.9577777777777765;0.02888888888888889;1.0333333333333337;1376706231.0;5.395555555555557;11.555445353190104;0.0044444444444444444;7.5377777777777775;0.03111111111111111;0.9088888888888893;1376715231.8666666;5.440000000000001;11.944336785210504;0.0044444444444444444;7.370634920634919;0.02666666666666667;0.9600000000000003;1376724232.0333333;5.595555555555554;13.471007876925995;5.777777777777778;8.157777777777776;0.03111111111111111;1.0666666666666667;1376733233.3;5.52;11.733221689860027;0.0044444444444444444;7.235555555555556;0.035555555555555556;1.1777777777777778;1376742234.3333333;5.557777777777775;11.899887084960938;0.0044444444444444444;7.226666666666666;0.042222222222222223;1.2244444444444447;5.0
1376670227.3333333;5.5311111111111115;13.017668406168617;5.78;8.115555555555558;0.05999999999999999;1.344444444444444;1376679228.4666667;5.537777777777779;11.450996398925783;0.0022222222222222222;7.233333333333333;0.06888888888888887;1.3155555555555554;1376688229.0;5.475555555555557;12.999893612331814;6.195555555555556;8.028888888888888;0.057777777777777775;1.2244444444444444;1376697229.9666667;5.424444444444444;12.497670915391712;0.0;6.9577777777777765;0.02888888888888889;1.0333333333333337;1376706231.0;5.395555555555557;11.555445353190104;0.0044444444444444444;7.5377777777777775;0.03111111111111111;0.9088888888888893;1376715231.8666666;5.440000000000001;11.944336785210504;0.0044444444444444444;7.370634920634919;0.02666666666666667;0.9600000000000003;1376724232.0333333;5.595555555555554;13.471007876925995;5.777777777777778;8.157777777777776;0.03111111111111111;1.0666666666666667;1376733233.3;5.52;11.733221689860027;0.0044444444444444444;7.235555555555556;0.035555555555555556;1.1777777777777778;1376742234.3333333;5.557777777777775;11.899887084960938;0.0044444444444444444;7.226666666666666;0.042222222222222223;1.2244444444444447;1376751235.1;5.5;11.94655736287435;0.41555555555555557;7.857777777777778;0.042222222222222223;1.2133333333333334;5.0
1376679228.4666667;5.537777777777779;11.450996398925783;0.0022222222222222222;7.233333333333333;0.06888888888888887;1.3155555555555554;1376688229.0;5.475555555555557;12.999893612331814;6.195555555555556;8.028888888888888;0.057777777777777775;1.2244444444444444;1376697229.9666667;5.424444444444444;12.497670915391712;0.0;6.9577777777777765;0.02888888888888889;1.0333333333333337;1376706231.0;5.395555555555557;11.555445353190104;0.0044444444444444444;7.5377777777777775;0.03111111111111111;0.9088888888888893;1376715231.8666666;5.440000000000001;11.944336785210504;0.0044444444444444444;7.370634920634919;0.02666666666666667;0.9600000000000003;1376724232.0333333;5.595555555555554;13.471007876925995;5.777777777777778;8.157777777777776;0.03111111111111111;1.0666666666666667;1376733233.3;5.52;11.733221689860027;0.0044444444444444444;7.235555555555556;0.035555555555555556;1.1777777777777778;1376742234.3333333;5.557777777777775;11.899887084960938;0.0044444444444444444;7.226666666666666;0.042222222222222223;1.2244444444444447;1376751235.1;5.5;11.94655736287435;0.41555555555555557;7.857777777777778;0.042222222222222223;1.2133333333333334;1376760235.6333334;5.540000000000001;11.337663014729818;0.006666666666666667;6.9177777777777765;0.06888888888888887;1.3444444444444443;5.0
1376688229.0;5.475555555555557;12.999893612331814;6.195555555555556;8.028888888888888;0.057777777777777775;1.2244444444444444;1376697229.9666667;5.424444444444444;12.497670915391712;0.0;6.9577777777777765;0.02888888888888889;1.0333333333333337;1376706231.0;5.395555555555557;11.555445353190104;0.0044444444444444444;7.5377777777777775;0.03111111111111111;0.9088888888888893;1376715231.8666666;5.440000000000001;11.944336785210504;0.0044444444444444444;7.370634920634919;0.02666666666666667;0.9600000000000003;1376724232.0333333;5.595555555555554;13.471007876925995;5.777777777777778;8.157777777777776;0.03111111111111111;1.0666666666666667;1376733233.3;5.52;11.733221689860027;0.0044444444444444444;7.235555555555556;0.035555555555555556;1.1777777777777778;1376742234.3333333;5.557777777777775;11.899887084960938;0.0044444444444444444;7.226666666666666;0.042222222222222223;1.2244444444444447;1376751235.1;5.5;11.94655736287435;0.41555555555555557;7.857777777777778;0.042222222222222223;1.2133333333333334;1376760235.6333334;5.540000000000001;11.337663014729818;0.006666666666666667;6.9177777777777765;0.06888888888888887;1.3444444444444443;1376769236.6333334;5.535555555555557;12.513223436143663;5.78;7.466666666666668;0.05333333333333333;1.1800000000000002;5.0
1376697229.9666667;5.424444444444444;12.497670915391712;0.0;6.9577777777777765;0.02888888888888889;1.0333333333333337;1376706231.0;5.395555555555557;11.555445353190104;0.0044444444444444444;7.5377777777777775;0.03111111111111111;0.9088888888888893;1376715231.8666666;5.440000000000001;11.944336785210504;0.0044444444444444444;7.370634920634919;0.02666666666666667;0.9600000000000003;1376724232.0333333;5.595555555555554;13.471007876925995;5.777777777777778;8.157777777777776;0.03111111111111111;1.0666666666666667;1376733233.3;5.52;11.733221689860027;0.0044444444444444444;7.235555555555556;0.035555555555555556;1.1777777777777778;1376742234.3333333;5.557777777777775;11.899887084960938;0.0044444444444444444;7.226666666666666;0.042222222222222223;1.2244444444444447;1376751235.1;5.5;11.94655736287435;0.41555555555555557;7.857777777777778;0.042222222222222223;1.2133333333333334;1376760235.6333334;5.540000000000001;11.337663014729818;0.006666666666666667;6.9177777777777765;0.06888888888888887;1.3444444444444443;1376769236.6333334;5.535555555555557;12.513223436143663;5.78;7.466666666666668;0.05333333333333333;1.1800000000000002;1376778239.7666667;5.584444444444445;13.255452050103083;5.804444444444444;8.122222222222224;0.035555555555555556;1.1488888888888886;5.0
1376706231.0;5.395555555555557;11.555445353190104;0.0044444444444444444;7.5377777777777775;0.03111111111111111;0.9088888888888893;1376715231.8666666;5.440000000000001;11.944336785210504;0.0044444444444444444;7.370634920634919;0.02666666666666667;0.9600000000000003;1376724232.0333333;5.595555555555554;13.471007876925995;5.777777777777778;8.157777777777776;0.03111111111111111;1.0666666666666667;1376733233.3;5.52;11.733221689860027;0.0044444444444444444;7.235555555555556;0.035555555555555556;1.1777777777777778;1376742234.3333333;5.557777777777775;11.899887084960938;0.0044444444444444444;7.226666666666666;0.042222222222222223;1.2244444444444447;1376751235.1;5.5;11.94655736287435;0.41555555555555557;7.857777777777778;0.042222222222222223;1.2133333333333334;1376760235.6333334;5.540000000000001;11.337663014729818;0.006666666666666667;6.9177777777777765;0.06888888888888887;1.3444444444444443;1376769236.6333334;5.535555555555557;12.513223436143663;5.78;7.466666666666668;0.05333333333333333;1.1800000000000002;1376778239.7666667;5.584444444444445;13.255452050103083;5.804444444444444;8.122222222222224;0.035555555555555556;1.1488888888888886;1376787241.4;5.493333333333335;12.30655966864692;0.024444444444444442;7.262222222222222;0.02888888888888889;0.9199999999999999;5.0
1376715231.8666666;5.440000000000001;11.944336785210504;0.0044444444444444444;7.370634920634919;0.02666666666666667;0.9600000000000003;1376724232.0333333;5.595555555555554;13.471007876925995;5.777777777777778;8.157777777777776;0.03111111111111111;1.0666666666666667;1376733233.3;5.52;11.733221689860027;0.0044444444444444444;7.235555555555556;0.035555555555555556;1.1777777777777778;1376742234.3333333;5.557777777777775;11.899887084960938;0.0044444444444444444;7.226666666666666;0.042222222222222223;1.2244444444444447;1376751235.1;5.5;11.94655736287435;0.41555555555555557;7.857777777777778;0.042222222222222223;1.2133333333333334;1376760235.6333334;5.540000000000001;11.337663014729818;0.006666666666666667;6.9177777777777765;0.06888888888888887;1.3444444444444443;1376769236.6333334;5.535555555555557;12.513223436143663;5.78;7.466666666666668;0.05333333333333333;1.1800000000000002;1376778239.7666667;5.584444444444445;13.255452050103083;5.804444444444444;8.122222222222224;0.035555555555555556;1.1488888888888886;1376787241.4;5.493333333333335;12.30655966864692;0.024444444444444442;7.262222222222222;0.02888888888888889;0.9199999999999999;1376796242.3;5.497777777777778;11.473222096761068;0.004603174603174604;7.659206349206349;0.02;0.8511111111111112;5.0
1376724232.0333333;5.595555555555554;13.471007876925995;5.777777777777778;8.157777777777776;0.03111111111111111;1.0666666666666667;1376733233.3;5.52;11.733221689860027;0.0044444444444444444;7.235555555555556;0.035555555555555556;1.1777777777777778;1376742234.3333333;5.557777777777775;11.899887084960938;0.0044444444444444444;7.226666666666666;0.042222222222222223;1.2244444444444447;1376751235.1;5.5;11.94655736287435;0.41555555555555557;7.857777777777778;0.042222222222222223;1.2133333333333334;1376760235.6333334;5.540000000000001;11.337663014729818;0.006666666666666667;6.9177777777777765;0.06888888888888887;1.3444444444444443;1376769236.6333334;5.535555555555557;12.513223436143663;5.78;7.466666666666668;0.05333333333333333;1.1800000000000002;1376778239.7666667;5.584444444444445;13.255452050103083;5.804444444444444;8.122222222222224;0.035555555555555556;1.1488888888888886;1376787241.4;5.493333333333335;12.30655966864692;0.024444444444444442;7.262222222222222;0.02888888888888889;0.9199999999999999;1376796242.3;5.497777777777778;11.473222096761068;0.004603174603174604;7.659206349206349;0.02;0.8511111111111112;1376805243.0;5.493333333333331;11.635443369547525;0.42;7.411111111111111;0.02888888888888889;0.9355555555555558;5.0
1376733233.3;5.52;11.733221689860027;0.0044444444444444444;7.235555555555556;0.035555555555555556;1.1777777777777778;1376742234.3333333;5.557777777777775;11.899887084960938;0.0044444444444444444;7.226666666666666;0.042222222222222223;1.2244444444444447;1376751235.1;5.5;11.94655736287435;0.41555555555555557;7.857777777777778;0.042222222222222223;1.2133333333333334;1376760235.6333334;5.540000000000001;11.337663014729818;0.006666666666666667;6.9177777777777765;0.06888888888888887;1.3444444444444443;1376769236.6333334;5.535555555555557;12.513223436143663;5.78;7.466666666666668;0.05333333333333333;1.1800000000000002;1376778239.7666667;5.584444444444445;13.255452050103083;5.804444444444444;8.122222222222224;0.035555555555555556;1.1488888888888886;1376787241.4;5.493333333333335;12.30655966864692;0.024444444444444442;7.262222222222222;0.02888888888888889;0.9199999999999999;1376796242.3;5.497777777777778;11.473222096761068;0.004603174603174604;7.659206349206349;0.02;0.8511111111111112;1376805243.0;5.493333333333331;11.635443369547525;0.42;7.411111111111111;0.02888888888888889;0.9355555555555558;1376814244.0;5.526666666666667;12.062122344970705;0.0044444444444444444;7.2622222222222215;0.042222222222222223;1.1377777777777778;5.0
1376742234.3333333;5.557777777777775;11.899887084960938;0.0044444444444444444;7.226666666666666;0.042222222222222223;1.2244444444444447;1376751235.1;5.5;11.94655736287435;0.41555555555555557;7.857777777777778;0.042222222222222223;1.2133333333333334;1376760235.6333334;5.540000000000001;11.337663014729818;0.006666666666666667;6.9177777777777765;0.06888888888888887;1.3444444444444443;1376769236.6333334;5.535555555555557;12.513223436143663;5.78;7.466666666666668;0.05333333333333333;1.1800000000000002;1376778239.7666667;5.584444444444445;13.255452050103083;5.804444444444444;8.122222222222224;0.035555555555555556;1.1488888888888886;1376787241.4;5.493333333333335;12.30655966864692;0.024444444444444442;7.262222222222222;0.02888888888888889;0.9199999999999999;1376796242.3;5.497777777777778;11.473222096761068;0.004603174603174604;7.659206349206349;0.02;0.8511111111111112;1376805243.0;5.493333333333331;11.635443369547525;0.42;7.411111111111111;0.02888888888888889;0.9355555555555558;1376814244.0;5.526666666666667;12.062122344970705;0.0044444444444444444;7.2622222222222215;0.042222222222222223;1.1377777777777778;1376823244.4333334;5.526666666666666;11.5309935675727;0.0;7.0;0.05333333333333333;1.3244444444444443;5.0
1376751235.1;5.5;11.94655736287435;0.41555555555555557;7.857777777777778;0.042222222222222223;1.2133333333333334;1376760235.6333334;5.540000000000001;11.337663014729818;0.006666666666666667;6.9177777777777765;0.06888888888888887;1.3444444444444443;1376769236.6333334;5.535555555555557;12.513223436143663;5.78;7.466666666666668;0.05333333333333333;1.1800000000000002;1376778239.7666667;5.584444444444445;13.255452050103083;5.804444444444444;8.122222222222224;0.035555555555555556;1.1488888888888886;1376787241.4;5.493333333333335;12.30655966864692;0.024444444444444442;7.262222222222222;0.02888888888888889;0.9199999999999999;1376796242.3;5.497777777777778;11.473222096761068;0.004603174603174604;7.659206349206349;0.02;0.8511111111111112;1376805243.0;5.493333333333331;11.635443369547525;0.42;7.411111111111111;0.02888888888888889;0.9355555555555558;1376814244.0;5.526666666666667;12.062122344970705;0.0044444444444444444;7.2622222222222215;0.042222222222222223;1.1377777777777778;1376823244.4333334;5.526666666666666;11.5309935675727;0.0;7.0;0.05333333333333333;1.3244444444444443;1376832245.2666667;5.629722222222222;13.084339724646671;6.564444444444445;8.263888888888888;0.055833333333333325;1.2919444444444446;5.0
1376760235.6333334;5.540000000000001;11.337663014729818;0.006666666666666667;6.9177777777777765;0.06888888888888887;1.3444444444444443;1376769236.6333334;5.535555555555557;12.513223436143663;5.78;7.466666666666668;0.05333333333333333;1.1800000000000002;1376778239.7666667;5.584444444444445;13.255452050103083;5.804444444444444;8.122222222222224;0.035555555555555556;1.1488888888888886;1376787241.4;5.493333333333335;12.30655966864692;0.024444444444444442;7.262222222222222;0.02888888888888889;0.9199999999999999;1376796242.3;5.497777777777778;11.473222096761068;0.004603174603174604;7.659206349206349;0.02;0.8511111111111112;1376805243.0;5.493333333333331;11.635443369547525;0.42;7.411111111111111;0.02888888888888889;0.9355555555555558;1376814244.0;5.526666666666667;12.062122344970705;0.0044444444444444444;7.2622222222222215;0.042222222222222223;1.1377777777777778;1376823244.4333334;5.526666666666666;11.5309935675727;0.0;7.0;0.05333333333333333;1.3244444444444443;1376832245.2666667;5.629722222222222;13.084339724646671;6.564444444444445;8.263888888888888;0.055833333333333325;1.2919444444444446;1376841245.8666666;5.550079365079365;11.812269422743059;0.0044444444444444444;7.092777777777778;0.04;1.2288095238095238;5.0
1376769236.6333334;5.535555555555557;12.513223436143663;5.78;7.466666666666668;0.05333333333333333;1.1800000000000002;1376778239.7666667;5.584444444444445;13.255452050103083;5.804444444444444;8.122222222222224;0.035555555555555556;1.1488888888888886;1376787241.4;5.493333333333335;12.30655966864692;0.024444444444444442;7.262222222222222;0.02888888888888889;0.9199999999999999;1376796242.3;5.497777777777778;11.473222096761068;0.004603174603174604;7.659206349206349;0.02;0.8511111111111112;1376805243.0;5.493333333333331;11.635443369547525;0.42;7.411111111111111;0.02888888888888889;0.9355555555555558;1376814244.0;5.526666666666667;12.062122344970705;0.0044444444444444444;7.2622222222222215;0.042222222222222223;1.1377777777777778;1376823244.4333334;5.526666666666666;11.5309935675727;0.0;7.0;0.05333333333333333;1.3244444444444443;1376832245.2666667;5.629722222222222;13.084339724646671;6.564444444444445;8.263888888888888;0.055833333333333325;1.2919444444444446;1376841245.8666666;5.550079365079365;11.812269422743059;0.0044444444444444444;7.092777777777778;0.04;1.2288095238095238;1376850246.1;5.543686868686867;11.356190739255965;0.020000000000000004;7.043535353535353;0.07444444444444445;1.2816161616161614;5.0
1376778239.7666667;5.584444444444445;13.255452050103083;5.804444444444444;8.122222222222224;0.035555555555555556;1.1488888888888886;1376787241.4;5.493333333333335;12.30655966864692;0.024444444444444442;7.262222222222222;0.02888888888888889;0.9199999999999999;1376796242.3;5.497777777777778;11.473222096761068;0.004603174603174604;7.659206349206349;0.02;0.8511111111111112;1376805243.0;5.493333333333331;11.635443369547525;0.42;7.411111111111111;0.02888888888888889;0.9355555555555558;1376814244.0;5.526666666666667;12.062122344970705;0.0044444444444444444;7.2622222222222215;0.042222222222222223;1.1377777777777778;1376823244.4333334;5.526666666666666;11.5309935675727;0.0;7.0;0.05333333333333333;1.3244444444444443;1376832245.2666667;5.629722222222222;13.084339724646671;6.564444444444445;8.263888888888888;0.055833333333333325;1.2919444444444446;1376841245.8666666;5.550079365079365;11.812269422743059;0.0044444444444444444;7.092777777777778;0.04;1.2288095238095238;1376850246.1;5.543686868686867;11.356190739255965;0.020000000000000004;7.043535353535353;0.07444444444444445;1.2816161616161614;1376859247.0666666;5.605608465608466;12.150997585720487;6.242222222222222;8.141904761904764;0.06444444444444444;1.266031746031746;5.0
1376787241.4;5.493333333333335;12.30655966864692;0.024444444444444442;7.262222222222222;0.02888888888888889;0.9199999999999999;1376796242.3;5.497777777777778;11.473222096761068;0.004603174603174604;7.659206349206349;0.02;0.8511111111111112;1376805243.0;5.493333333333331;11.635443369547525;0.42;7.411111111111111;0.02888888888888889;0.9355555555555558;1376814244.0;5.526666666666667;12.062122344970705;0.0044444444444444444;7.2622222222222215;0.042222222222222223;1.1377777777777778;1376823244.4333334;5.526666666666666;11.5309935675727;0.0;7.0;0.05333333333333333;1.3244444444444443;1376832245.2666667;5.629722222222222;13.084339724646671;6.564444444444445;8.263888888888888;0.055833333333333325;1.2919444444444446;1376841245.8666666;5.550079365079365;11.812269422743059;0.0044444444444444444;7.092777777777778;0.04;1.2288095238095238;1376850246.1;5.543686868686867;11.356190739255965;0.020000000000000004;7.043535353535353;0.07444444444444445;1.2816161616161614;1376859247.0666666;5.605608465608466;12.150997585720487;6.242222222222222;8.141904761904764;0.06444444444444444;1.266031746031746;1376868249.8666666;5.474444444444444;12.125447803073463;0.1688888888888889;6.6816666666666675;0.017777777777777778;0.9661111111111114;5.0
1376796242.3;5.497777777777778;11.473222096761068;0.004603174603174604;7.659206349206349;0.02;0.8511111111111112;1376805243.0;5.493333333333331;11.635443369547525;0.42;7.411111111111111;0.02888888888888889;0.9355555555555558;1376814244.0;5.526666666666667;12.062122344970705;0.0044444444444444444;7.2622222222222215;0.042222222222222223;1.1377777777777778;1376823244.4333334;5.526666666666666;11.5309935675727;0.0;7.0;0.05333333333333333;1.3244444444444443;1376832245.2666667;5.629722222222222;13.084339724646671;6.564444444444445;8.263888888888888;0.055833333333333325;1.2919444444444446;1376841245.8666666;5.550079365079365;11.812269422743059;0.0044444444444444444;7.092777777777778;0.04;1.2288095238095238;1376850246.1;5.543686868686867;11.356190739255965;0.020000000000000004;7.043535353535353;0.07444444444444445;1.2816161616161614;1376859247.0666666;5.605608465608466;12.150997585720487;6.242222222222222;8.141904761904764;0.06444444444444444;1.266031746031746;1376868249.8666666;5.474444444444444;12.125447803073463;0.1688888888888889;6.6816666666666675;0.017777777777777778;0.9661111111111114;1376877251.4;5.573052503052502;11.076143488342508;0.006666666666666667;7.2462881562881565;0.03349206349206349;0.9433089133089134;5.0
1376805243.0;5.493333333333331;11.635443369547525;0.42;7.411111111111111;0.02888888888888889;0.9355555555555558;1376814244.0;5.526666666666667;12.062122344970705;0.0044444444444444444;7.2622222222222215;0.042222222222222223;1.1377777777777778;1376823244.4333334;5.526666666666666;11.5309935675727;0.0;7.0;0.05333333333333333;1.3244444444444443;1376832245.2666667;5.629722222222222;13.084339724646671;6.564444444444445;8.263888888888888;0.055833333333333325;1.2919444444444446;1376841245.8666666;5.550079365079365;11.812269422743059;0.0044444444444444444;7.092777777777778;0.04;1.2288095238095238;1376850246.1;5.543686868686867;11.356190739255965;0.020000000000000004;7.043535353535353;0.07444444444444445;1.2816161616161614;1376859247.0666666;5.605608465608466;12.150997585720487;6.242222222222222;8.141904761904764;0.06444444444444444;1.266031746031746;1376868249.8666666;5.474444444444444;12.125447803073463;0.1688888888888889;6.6816666666666675;0.017777777777777778;0.9661111111111114;1376877251.4;5.573052503052502;11.076143488342508;0.006666666666666667;7.2462881562881565;0.03349206349206349;0.9433089133089134;1376886252.1666667;5.701111111111109;13.096553166707357;6.582222222222222;8.394126984126986;0.02666666666666667;0.861111111111111;5.0
1376814244.0;5.526666666666667;12.062122344970705;0.0044444444444444444;7.2622222222222215;0.042222222222222223;1.1377777777777778;1376823244.4333334;5.526666666666666;11.5309935675727;0.0;7.0;0.05333333333333333;1.3244444444444443;1376832245.2666667;5.629722222222222;13.084339724646671;6.564444444444445;8.263888888888888;0.055833333333333325;1.2919444444444446;1376841245.8666666;5.550079365079365;11.812269422743059;0.0044444444444444444;7.092777777777778;0.04;1.2288095238095238;1376850246.1;5.543686868686867;11.356190739255965;0.020000000000000004;7.043535353535353;0.07444444444444445;1.2816161616161614;1376859247.0666666;5.605608465608466;12.150997585720487;6.242222222222222;8.141904761904764;0.06444444444444444;1.266031746031746;1376868249.8666666;5.474444444444444;12.125447803073463;0.1688888888888889;6.6816666666666675;0.017777777777777778;0.9661111111111114;1376877251.4;5.573052503052502;11.076143488342508;0.006666666666666667;7.2462881562881565;0.03349206349206349;0.9433089133089134;1376886252.1666667;5.701111111111109;13.096553166707357;6.582222222222222;8.394126984126986;0.02666666666666667;0.861111111111111;1376895253.4;5.6118181818181805;11.598980470137162;0.07777777777777778;6.951818181818183;0.03111111111111111;1.0622222222222224;5.0
1376823244.4333334;5.526666666666666;11.5309935675727;0.0;7.0;0.05333333333333333;1.3244444444444443;1376832245.2666667;5.629722222222222;13.084339724646671;6.564444444444445;8.263888888888888;0.055833333333333325;1.2919444444444446;1376841245.8666666;5.550079365079365;11.812269422743059;0.0044444444444444444;7.092777777777778;0.04;1.2288095238095238;1376850246.1;5.543686868686867;11.356190739255965;0.020000000000000004;7.043535353535353;0.07444444444444445;1.2816161616161614;1376859247.0666666;5.605608465608466;12.150997585720487;6.242222222222222;8.141904761904764;0.06444444444444444;1.266031746031746;1376868249.8666666;5.474444444444444;12.125447803073463;0.1688888888888889;6.6816666666666675;0.017777777777777778;0.9661111111111114;1376877251.4;5.573052503052502;11.076143488342508;0.006666666666666667;7.2462881562881565;0.03349206349206349;0.9433089133089134;1376886252.1666667;5.701111111111109;13.096553166707357;6.582222222222222;8.394126984126986;0.02666666666666667;0.861111111111111;1376895253.4;5.6118181818181805;11.598980470137162;0.07777777777777778;6.951818181818183;0.03111111111111111;1.0622222222222224;1376904254.0;5.593333333333333;11.402110629611544;0.0;7.242222222222222;0.06444444444444444;1.2733333333333332;5.0
1376832245.2666667;5.629722222222222;13.084339724646671;6.564444444444445;8.263888888888888;0.055833333333333325;1.2919444444444446;1376841245.8666666;5.550079365079365;11.812269422743059;0.0044444444444444444;7.092777777777778;0.04;1.2288095238095238;1376850246.1;5.543686868686867;11.356190739255965;0.020000000000000004;7.043535353535353;0.07444444444444445;1.2816161616161614;1376859247.0666666;5.605608465608466;12.150997585720487;6.242222222222222;8.141904761904764;0.06444444444444444;1.266031746031746;1376868249.8666666;5.474444444444444;12.125447803073463;0.1688888888888889;6.6816666666666675;0.017777777777777778;0.9661111111111114;1376877251.4;5.573052503052502;11.076143488342508;0.006666666666666667;7.2462881562881565;0.03349206349206349;0.9433089133089134;1376886252.1666667;5.701111111111109;13.096553166707357;6.582222222222222;8.394126984126986;0.02666666666666667;0.861111111111111;1376895253.4;5.6118181818181805;11.598980470137162;0.07777777777777778;6.951818181818183;0.03111111111111111;1.0622222222222224;1376904254.0;5.593333333333333;11.402110629611544;0.0;7.242222222222222;0.06444444444444444;1.2733333333333332;1376913254.8;5.626666666666665;11.757667965359156;0.0044444444444444444;7.217777777777778;0.09111111111111111;1.3777777777777778;5.0
1376841245.8666666;5.550079365079365;11.812269422743059;0.0044444444444444444;7.092777777777778;0.04;1.2288095238095238;1376850246.1;5.543686868686867;11.356190739255965;0.020000000000000004;7.043535353535353;0.07444444444444445;1.2816161616161614;1376859247.0666666;5.605608465608466;12.150997585720487;6.242222222222222;8.141904761904764;0.06444444444444444;1.266031746031746;1376868249.8666666;5.474444444444444;12.125447803073463;0.1688888888888889;6.6816666666666675;0.017777777777777778;0.9661111111111114;1376877251.4;5.573052503052502;11.076143488342508;0.006666666666666667;7.2462881562881565;0.03349206349206349;0.9433089133089134;1376886252.1666667;5.701111111111109;13.096553166707357;6.582222222222222;8.394126984126986;0.02666666666666667;0.861111111111111;1376895253.4;5.6118181818181805;11.598980470137162;0.07777777777777778;6.951818181818183;0.03111111111111111;1.0622222222222224;1376904254.0;5.593333333333333;11.402110629611544;0.0;7.242222222222222;0.06444444444444444;1.2733333333333332;1376913254.8;5.626666666666665;11.757667965359156;0.0044444444444444444;7.217777777777778;0.09111111111111111;1.3777777777777778;1376922255.7333333;5.717777777777778;11.904339684380426;0.42;7.582222222222224;0.15333333333333338;1.4977777777777774;5.0
1376850246.1;5.543686868686867;11.356190739255965;0.020000000000000004;7.043535353535353;0.07444444444444445;1.2816161616161614;1376859247.0666666;5.605608465608466;12.150997585720487;6.242222222222222;8.141904761904764;0.06444444444444444;1.266031746031746;1376868249.8666666;5.474444444444444;12.125447803073463;0.1688888888888889;6.6816666666666675;0.017777777777777778;0.9661111111111114;1376877251.4;5.573052503052502;11.076143488342508;0.006666666666666667;7.2462881562881565;0.03349206349206349;0.9433089133089134;1376886252.1666667;5.701111111111109;13.096553166707357;6.582222222222222;8.394126984126986;0.02666666666666667;0.861111111111111;1376895253.4;5.6118181818181805;11.598980470137162;0.07777777777777778;6.951818181818183;0.03111111111111111;1.0622222222222224;1376904254.0;5.593333333333333;11.402110629611544;0.0;7.242222222222222;0.06444444444444444;1.2733333333333332;1376913254.8;5.626666666666665;11.757667965359156;0.0044444444444444444;7.217777777777778;0.09111111111111111;1.3777777777777778;1376922255.7333333;5.717777777777778;11.904339684380426;0.42;7.582222222222224;0.15333333333333338;1.4977777777777774;1376931256.6333334;5.6422222222222205;11.795438978407116;0.02888888888888889;7.739999999999999;0.16444444444444456;1.522222222222222;5.0
1376859247.0666666;5.605608465608466;12.150997585720487;6.242222222222222;8.141904761904764;0.06444444444444444;1.266031746031746;1376868249.8666666;5.474444444444444;12.125447803073463;0.1688888888888889;6.6816666666666675;0.017777777777777778;0.9661111111111114;1376877251.4;5.573052503052502;11.076143488342508;0.006666666666666667;7.2462881562881565;0.03349206349206349;0.9433089133089134;1376886252.1666667;5.701111111111109;13.096553166707357;6.582222222222222;8.394126984126986;0.02666666666666667;0.861111111111111;1376895253.4;5.6118181818181805;11.598980470137162;0.07777777777777778;6.951818181818183;0.03111111111111111;1.0622222222222224;1376904254.0;5.593333333333333;11.402110629611544;0.0;7.242222222222222;0.06444444444444444;1.2733333333333332;1376913254.8;5.626666666666665;11.757667965359156;0.0044444444444444444;7.217777777777778;0.09111111111111111;1.3777777777777778;1376922255.7333333;5.717777777777778;11.904339684380426;0.42;7.582222222222224;0.15333333333333338;1.4977777777777774;1376931256.6333334;5.6422222222222205;11.795438978407116;0.02888888888888889;7.739999999999999;0.16444444444444456;1.522222222222222;1376940257.6333334;5.853333333333331;14.09767320421007;11.246666666666666;8.78;0.07333333333333333;1.342222222222222;5.0
1376868249.8666666;5.474444444444444;12.125447803073463;0.1688888888888889;6.6816666666666675;0.017777777777777778;0.9661111111111114;1376877251.4;5.573052503052502;11.076143488342508;0.006666666666666667;7.2462881562881565;0.03349206349206349;0.9433089133089134;1376886252.1666667;5.701111111111109;13.096553166707357;6.582222222222222;8.394126984126986;0.02666666666666667;0.861111111111111;1376895253.4;5.6118181818181805;11.598980470137162;0.07777777777777778;6.951818181818183;0.03111111111111111;1.0622222222222224;1376904254.0;5.593333333333333;11.402110629611544;0.0;7.242222222222222;0.06444444444444444;1.2733333333333332;1376913254.8;5.626666666666665;11.757667965359156;0.0044444444444444444;7.217777777777778;0.09111111111111111;1.3777777777777778;1376922255.7333333;5.717777777777778;11.904339684380426;0.42;7.582222222222224;0.15333333333333338;1.4977777777777774;1376931256.6333334;5.6422222222222205;11.795438978407116;0.02888888888888889;7.739999999999999;0.16444444444444456;1.522222222222222;1376940257.6333334;5.853333333333331;14.09767320421007;11.246666666666666;8.78;0.07333333333333333;1.342222222222222;1376949258.7333333;5.61111111111111;11.377662658691404;1.257777777777778;7.453333333333334;0.05333333333333333;1.2955555555555558;5.0
1376877251.4;5.573052503052502;11.076143488342508;0.006666666666666667;7.2462881562881565;0.03349206349206349;0.9433089133089134;1376886252.1666667;5.701111111111109;13.096553166707357;6.582222222222222;8.394126984126986;0.02666666666666667;0.861111111111111;1376895253.4;5.6118181818181805;11.598980470137162;0.07777777777777778;6.951818181818183;0.03111111111111111;1.0622222222222224;1376904254.0;5.593333333333333;11.402110629611544;0.0;7.242222222222222;0.06444444444444444;1.2733333333333332;1376913254.8;5.626666666666665;11.757667965359156;0.0044444444444444444;7.217777777777778;0.09111111111111111;1.3777777777777778;1376922255.7333333;5.717777777777778;11.904339684380426;0.42;7.582222222222224;0.15333333333333338;1.4977777777777774;1376931256.6333334;5.6422222222222205;11.795438978407116;0.02888888888888889;7.739999999999999;0.16444444444444456;1.522222222222222;1376940257.6333334;5.853333333333331;14.09767320421007;11.246666666666666;8.78;0.07333333333333333;1.342222222222222;1376949258.7333333;5.61111111111111;11.377662658691404;1.257777777777778;7.453333333333334;0.05333333333333333;1.2955555555555558;1376958260.0666666;5.608888888888887;11.624331580268011;0.02222222222222222;7.155555555555556;0.04;1.0288888888888892;5.0
1376886252.1666667;5.701111111111109;13.096553166707357;6.582222222222222;8.394126984126986;0.02666666666666667;0.861111111111111;1376895253.4;5.6118181818181805;11.598980470137162;0.07777777777777778;6.951818181818183;0.03111111111111111;1.0622222222222224;1376904254.0;5.593333333333333;11.402110629611544;0.0;7.242222222222222;0.06444444444444444;1.2733333333333332;1376913254.8;5.626666666666665;11.757667965359156;0.0044444444444444444;7.217777777777778;0.09111111111111111;1.3777777777777778;1376922255.7333333;5.717777777777778;11.904339684380426;0.42;7.582222222222224;0.15333333333333338;1.4977777777777774;1376931256.6333334;5.6422222222222205;11.795438978407116;0.02888888888888889;7.739999999999999;0.16444444444444456;1.522222222222222;1376940257.6333334;5.853333333333331;14.09767320421007;11.246666666666666;8.78;0.07333333333333333;1.342222222222222;1376949258.7333333;5.61111111111111;11.377662658691404;1.257777777777778;7.453333333333334;0.05333333333333333;1.2955555555555558;1376958260.0666666;5.608888888888887;11.624331580268011;0.02222222222222222;7.155555555555556;0.04;1.0288888888888892;1376967261.0;5.575555555555553;11.446546342637804;0.060000000000000005;7.217777777777778;0.03111111111111111;0.9288888888888891;5.0
1376895253.4;5.6118181818181805;11.598980470137162;0.07777777777777778;6.951818181818183;0.03111111111111111;1.0622222222222224;1376904254.0;5.593333333333333;11.402110629611544;0.0;7.242222222222222;0.06444444444444444;1.2733333333333332;1376913254.8;5.626666666666665;11.757667965359156;0.0044444444444444444;7.217777777777778;0.09111111111111111;1.3777777777777778;1376922255.7333333;5.717777777777778;11.904339684380426;0.42;7.582222222222224;0.15333333333333338;1.4977777777777774;1376931256.6333334;5.6422222222222205;11.795438978407116;0.02888888888888889;7.739999999999999;0.16444444444444456;1.522222222222222;1376940257.6333334;5.853333333333331;14.09767320421007;11.246666666666666;8.78;0.07333333333333333;1.342222222222222;1376949258.7333333;5.61111111111111;11.377662658691404;1.257777777777778;7.453333333333334;0.05333333333333333;1.2955555555555558;1376958260.0666666;5.608888888888887;11.624331580268011;0.02222222222222222;7.155555555555556;0.04;1.0288888888888892;1376967261.0;5.575555555555553;11.446546342637804;0.060000000000000005;7.217777777777778;0.03111111111111111;0.9288888888888891;1376976261.9333334;5.6422222222222205;11.42432827419705;0.6866666666666668;8.07047619047619;0.02222222222222222;0.9200000000000002;5.0
1376904254.0;5.593333333333333;11.402110629611544;0.0;7.242222222222222;0.06444444444444444;1.2733333333333332;1376913254.8;5.626666666666665;11.757667965359156;0.0044444444444444444;7.217777777777778;0.09111111111111111;1.3777777777777778;1376922255.7333333;5.717777777777778;11.904339684380426;0.42;7.582222222222224;0.15333333333333338;1.4977777777777774;1376931256.6333334;5.6422222222222205;11.795438978407116;0.02888888888888889;7.739999999999999;0.16444444444444456;1.522222222222222;1376940257.6333334;5.853333333333331;14.09767320421007;11.246666666666666;8.78;0.07333333333333333;1.342222222222222;1376949258.7333333;5.61111111111111;11.377662658691404;1.257777777777778;7.453333333333334;0.05333333333333333;1.2955555555555558;1376958260.0666666;5.608888888888887;11.624331580268011;0.02222222222222222;7.155555555555556;0.04;1.0288888888888892;1376967261.0;5.575555555555553;11.446546342637804;0.060000000000000005;7.217777777777778;0.03111111111111111;0.9288888888888891;1376976261.9333334;5.6422222222222205;11.42432827419705;0.6866666666666668;8.07047619047619;0.02222222222222222;0.9200000000000002;1376985262.0;5.655555555555554;11.79322263929579;1.722222222222222;7.728888888888889;0.04;1.0911111111111111;5.0
1376913254.8;5.626666666666665;11.757667965359156;0.0044444444444444444;7.217777777777778;0.09111111111111111;1.3777777777777778;1376922255.7333333;5.717777777777778;11.904339684380426;0.42;7.582222222222224;0.15333333333333338;1.4977777777777774;1376931256.6333334;5.6422222222222205;11.795438978407116;0.02888888888888889;7.739999999999999;0.16444444444444456;1.522222222222222;1376940257.6333334;5.853333333333331;14.09767320421007;11.246666666666666;8.78;0.07333333333333333;1.342222222222222;1376949258.7333333;5.61111111111111;11.377662658691404;1.257777777777778;7.453333333333334;0.05333333333333333;1.2955555555555558;1376958260.0666666;5.608888888888887;11.624331580268011;0.02222222222222222;7.155555555555556;0.04;1.0288888888888892;1376967261.0;5.575555555555553;11.446546342637804;0.060000000000000005;7.217777777777778;0.03111111111111111;0.9288888888888891;1376976261.9333334;5.6422222222222205;11.42432827419705;0.6866666666666668;8.07047619047619;0.02222222222222222;0.9200000000000002;1376985262.0;5.655555555555554;11.79322263929579;1.722222222222222;7.728888888888889;0.04;1.0911111111111111;1376994268.4666667;5.735555555555554;13.58655971950955;6.568888888888889;8.373333333333331;0.062222222222222213;1.2488888888888892;5.0
1376922255.7333333;5.717777777777778;11.904339684380426;0.42;7.582222222222224;0.15333333333333338;1.4977777777777774;1376931256.6333334;5.6422222222222205;11.795438978407116;0.02888888888888889;7.739999999999999;0.16444444444444456;1.522222222222222;1376940257.6333334;5.853333333333331;14.09767320421007;11.246666666666666;8.78;0.07333333333333333;1.342222222222222;1376949258.7333333;5.61111111111111;11.377662658691404;1.257777777777778;7.453333333333334;0.05333333333333333;1.2955555555555558;1376958260.0666666;5.608888888888887;11.624331580268011;0.02222222222222222;7.155555555555556;0.04;1.0288888888888892;1376967261.0;5.575555555555553;11.446546342637804;0.060000000000000005;7.217777777777778;0.03111111111111111;0.9288888888888891;1376976261.9333334;5.6422222222222205;11.42432827419705;0.6866666666666668;8.07047619047619;0.02222222222222222;0.9200000000000002;1376985262.0;5.655555555555554;11.79322263929579;1.722222222222222;7.728888888888889;0.04;1.0911111111111111;1376994268.4666667;5.735555555555554;13.58655971950955;6.568888888888889;8.373333333333331;0.062222222222222213;1.2488888888888892;1377003274.5333333;5.693333333333332;11.708776262071398;0.03777777777777778;7.277777777777777;0.07111111111111111;1.3511111111111107;5.0
1376931256.6333334;5.6422222222222205;11.795438978407116;0.02888888888888889;7.739999999999999;0.16444444444444456;1.522222222222222;1376940257.6333334;5.853333333333331;14.09767320421007;11.246666666666666;8.78;0.07333333333333333;1.342222222222222;1376949258.7333333;5.61111111111111;11.377662658691404;1.257777777777778;7.453333333333334;0.05333333333333333;1.2955555555555558;1376958260.0666666;5.608888888888887;11.624331580268011;0.02222222222222222;7.155555555555556;0.04;1.0288888888888892;1376967261.0;5.575555555555553;11.446546342637804;0.060000000000000005;7.217777777777778;0.03111111111111111;0.9288888888888891;1376976261.9333334;5.6422222222222205;11.42432827419705;0.6866666666666668;8.07047619047619;0.02222222222222222;0.9200000000000002;1376985262.0;5.655555555555554;11.79322263929579;1.722222222222222;7.728888888888889;0.04;1.0911111111111111;1376994268.4666667;5.735555555555554;13.58655971950955;6.568888888888889;8.373333333333331;0.062222222222222213;1.2488888888888892;1377003274.5333333;5.693333333333332;11.708776262071398;0.03777777777777778;7.277777777777777;0.07111111111111111;1.3511111111111107;1377012275.4;5.5777777777777775;12.03544447157118;0.0044444444444444444;7.2222222222222205;0.05999999999999999;1.3311111111111107;5.0
1376940257.6333334;5.853333333333331;14.09767320421007;11.246666666666666;8.78;0.07333333333333333;1.342222222222222;1376949258.7333333;5.61111111111111;11.377662658691404;1.257777777777778;7.453333333333334;0.05333333333333333;1.2955555555555558;1376958260.0666666;5.608888888888887;11.624331580268011;0.02222222222222222;7.155555555555556;0.04;1.0288888888888892;1376967261.0;5.575555555555553;11.446546342637804;0.060000000000000005;7.217777777777778;0.03111111111111111;0.9288888888888891;1376976261.9333334;5.6422222222222205;11.42432827419705;0.6866666666666668;8.07047619047619;0.02222222222222222;0.9200000000000002;1376985262.0;5.655555555555554;11.79322263929579;1.722222222222222;7.728888888888889;0.04;1.0911111111111111;1376994268.4666667;5.735555555555554;13.58655971950955;6.568888888888889;8.373333333333331;0.062222222222222213;1.2488888888888892;1377003274.5333333;5.693333333333332;11.708776262071398;0.03777777777777778;7.277777777777777;0.07111111111111111;1.3511111111111107;1377012275.4;5.5777777777777775;12.03544447157118;0.0044444444444444444;7.2222222222222205;0.05999999999999999;1.3311111111111107;1377021275.9666667;6.066666666666666;12.066555870903864;0.1511111111111111;8.133333333333335;0.10000000000000002;1.5533333333333335;5.0
1376949258.7333333;5.61111111111111;11.377662658691404;1.257777777777778;7.453333333333334;0.05333333333333333;1.2955555555555558;1376958260.0666666;5.608888888888887;11.624331580268011;0.02222222222222222;7.155555555555556;0.04;1.0288888888888892;1376967261.0;5.575555555555553;11.446546342637804;0.060000000000000005;7.217777777777778;0.03111111111111111;0.9288888888888891;1376976261.9333334;5.6422222222222205;11.42432827419705;0.6866666666666668;8.07047619047619;0.02222222222222222;0.9200000000000002;1376985262.0;5.655555555555554;11.79322263929579;1.722222222222222;7.728888888888889;0.04;1.0911111111111111;1376994268.4666667;5.735555555555554;13.58655971950955;6.568888888888889;8.373333333333331;0.062222222222222213;1.2488888888888892;1377003274.5333333;5.693333333333332;11.708776262071398;0.03777777777777778;7.277777777777777;0.07111111111111111;1.3511111111111107;1377012275.4;5.5777777777777775;12.03544447157118;0.0044444444444444444;7.2222222222222205;0.05999999999999999;1.3311111111111107;1377021275.9666667;6.066666666666666;12.066555870903864;0.1511111111111111;8.133333333333335;0.10000000000000002;1.5533333333333335;1377030277.0;5.37;12.866561041937931;5.826666666666667;7.908888888888888;0.14444444444444443;1.34;5.0
1376958260.0666666;5.608888888888887;11.624331580268011;0.02222222222222222;7.155555555555556;0.04;1.0288888888888892;1376967261.0;5.575555555555553;11.446546342637804;0.060000000000000005;7.217777777777778;0.03111111111111111;0.9288888888888891;1376976261.9333334;5.6422222222222205;11.42432827419705;0.6866666666666668;8.07047619047619;0.02222222222222222;0.9200000000000002;1376985262.0;5.655555555555554;11.79322263929579;1.722222222222222;7.728888888888889;0.04;1.0911111111111111;1376994268.4666667;5.735555555555554;13.58655971950955;6.568888888888889;8.373333333333331;0.062222222222222213;1.2488888888888892;1377003274.5333333;5.693333333333332;11.708776262071398;0.03777777777777778;7.277777777777777;0.07111111111111111;1.3511111111111107;1377012275.4;5.5777777777777775;12.03544447157118;0.0044444444444444444;7.2222222222222205;0.05999999999999999;1.3311111111111107;1377021275.9666667;6.066666666666666;12.066555870903864;0.1511111111111111;8.133333333333335;0.10000000000000002;1.5533333333333335;1377030277.0;5.37;12.866561041937931;5.826666666666667;7.908888888888888;0.14444444444444443;1.34;1377039278.6333334;5.306666666666668;13.031001620822483;6.397777777777778;8.500000000000002;0.03111111111111111;0.9688888888888891;5.0
1376967261.0;5.575555555555553;11.446546342637804;0.060000000000000005;7.217777777777778;0.03111111111111111;0.9288888888888891;1376976261.9333334;5.6422222222222205;11.42432827419705;0.6866666666666668;8.07047619047619;0.02222222222222222;0.9200000000000002;1376985262.0;5.655555555555554;11.79322263929579;1.722222222222222;7.728888888888889;0.04;1.0911111111111111;1376994268.4666667;5.735555555555554;13.58655971950955;6.568888888888889;8.373333333333331;0.062222222222222213;1.2488888888888892;1377003274.5333333;5.693333333333332;11.708776262071398;0.03777777777777778;7.277777777777777;0.07111111111111111;1.3511111111111107;1377012275.4;5.5777777777777775;12.03544447157118;0.0044444444444444444;7.2222222222222205;0.05999999999999999;1.3311111111111107;1377021275.9666667;6.066666666666666;12.066555870903864;0.1511111111111111;8.133333333333335;0.10000000000000002;1.5533333333333335;1377030277.0;5.37;12.866561041937931;5.826666666666667;7.908888888888888;0.14444444444444443;1.34;1377039278.6333334;5.306666666666668;13.031001620822483;6.397777777777778;8.500000000000002;0.03111111111111111;0.9688888888888891;1377048279.0333333;5.257777777777777;11.835443284776476;0.7777777777777778;7.388888888888887;0.02222222222222222;0.8888888888888893;5.0
1376976261.9333334;5.6422222222222205;11.42432827419705;0.6866666666666668;8.07047619047619;0.02222222222222222;0.9200000000000002;1376985262.0;5.655555555555554;11.79322263929579;1.722222222222222;7.728888888888889;0.04;1.0911111111111111;1376994268.4666667;5.735555555555554;13.58655971950955;6.568888888888889;8.373333333333331;0.062222222222222213;1.2488888888888892;1377003274.5333333;5.693333333333332;11.708776262071398;0.03777777777777778;7.277777777777777;0.07111111111111111;1.3511111111111107;1377012275.4;5.5777777777777775;12.03544447157118;0.0044444444444444444;7.2222222222222205;0.05999999999999999;1.3311111111111107;1377021275.9666667;6.066666666666666;12.066555870903864;0.1511111111111111;8.133333333333335;0.10000000000000002;1.5533333333333335;1377030277.0;5.37;12.866561041937931;5.826666666666667;7.908888888888888;0.14444444444444443;1.34;1377039278.6333334;5.306666666666668;13.031001620822483;6.397777777777778;8.500000000000002;0.03111111111111111;0.9688888888888891;1377048279.0333333;5.257777777777777;11.835443284776476;0.7777777777777778;7.388888888888887;0.02222222222222222;0.8888888888888893;1377057279.9333334;5.231587301587301;11.67751085190546;0.006666666666666667;7.424126984126984;0.03111111111111111;0.8523809523809528;5.0
1376985262.0;5.655555555555554;11.79322263929579;1.722222222222222;7.728888888888889;0.04;1.0911111111111111;1376994268.4666667;5.735555555555554;13.58655971950955;6.568888888888889;8.373333333333331;0.062222222222222213;1.2488888888888892;1377003274.5333333;5.693333333333332;11.708776262071398;0.03777777777777778;7.277777777777777;0.07111111111111111;1.3511111111111107;1377012275.4;5.5777777777777775;12.03544447157118;0.0044444444444444444;7.2222222222222205;0.05999999999999999;1.3311111111111107;1377021275.9666667;6.066666666666666;12.066555870903864;0.1511111111111111;8.133333333333335;0.10000000000000002;1.5533333333333335;1377030277.0;5.37;12.866561041937931;5.826666666666667;7.908888888888888;0.14444444444444443;1.34;1377039278.6333334;5.306666666666668;13.031001620822483;6.397777777777778;8.500000000000002;0.03111111111111111;0.9688888888888891;1377048279.0333333;5.257777777777777;11.835443284776476;0.7777777777777778;7.388888888888887;0.02222222222222222;0.8888888888888893;1377057279.9333334;5.231587301587301;11.67751085190546;0.006666666666666667;7.424126984126984;0.03111111111111111;0.8523809523809528;1377066281.1666667;5.261269841269843;11.677982330322266;0.013968253968253967;7.767619047619046;0.02;0.9476190476190479;5.0
1376994268.4666667;5.735555555555554;13.58655971950955;6.568888888888889;8.373333333333331;0.062222222222222213;1.2488888888888892;1377003274.5333333;5.693333333333332;11.708776262071398;0.03777777777777778;7.277777777777777;0.07111111111111111;1.3511111111111107;1377012275.4;5.5777777777777775;12.03544447157118;0.0044444444444444444;7.2222222222222205;0.05999999999999999;1.3311111111111107;1377021275.9666667;6.066666666666666;12.066555870903864;0.1511111111111111;8.133333333333335;0.10000000000000002;1.5533333333333335;1377030277.0;5.37;12.866561041937931;5.826666666666667;7.908888888888888;0.14444444444444443;1.34;1377039278.6333334;5.306666666666668;13.031001620822483;6.397777777777778;8.500000000000002;0.03111111111111111;0.9688888888888891;1377048279.0333333;5.257777777777777;11.835443284776476;0.7777777777777778;7.388888888888887;0.02222222222222222;0.8888888888888893;1377057279.9333334;5.231587301587301;11.67751085190546;0.006666666666666667;7.424126984126984;0.03111111111111111;0.8523809523809528;1377066281.1666667;5.261269841269843;11.677982330322266;0.013968253968253967;7.767619047619046;0.02;0.9476190476190479;1377075282.0;5.276349206349208;11.504014817495195;0.03777777777777778;7.289206349206348;0.05111111111111111;1.2342857142857144;5.0
1377003274.5333333;5.693333333333332;11.708776262071398;0.03777777777777778;7.277777777777777;0.07111111111111111;1.3511111111111107;1377012275.4;5.5777777777777775;12.03544447157118;0.0044444444444444444;7.2222222222222205;0.05999999999999999;1.3311111111111107;1377021275.9666667;6.066666666666666;12.066555870903864;0.1511111111111111;8.133333333333335;0.10000000000000002;1.5533333333333335;1377030277.0;5.37;12.866561041937931;5.826666666666667;7.908888888888888;0.14444444444444443;1.34;1377039278.6333334;5.306666666666668;13.031001620822483;6.397777777777778;8.500000000000002;0.03111111111111111;0.9688888888888891;1377048279.0333333;5.257777777777777;11.835443284776476;0.7777777777777778;7.388888888888887;0.02222222222222222;0.8888888888888893;1377057279.9333334;5.231587301587301;11.67751085190546;0.006666666666666667;7.424126984126984;0.03111111111111111;0.8523809523809528;1377066281.1666667;5.261269841269843;11.677982330322266;0.013968253968253967;7.767619047619046;0.02;0.9476190476190479;1377075282.0;5.276349206349208;11.504014817495195;0.03777777777777778;7.289206349206348;0.05111111111111111;1.2342857142857144;1377084282.0333333;5.286666666666666;11.770996517605251;0.0022222222222222222;7.1111111111111125;0.0688888888888889;1.2888888888888888;5.0
1377012275.4;5.5777777777777775;12.03544447157118;0.0044444444444444444;7.2222222222222205;0.05999999999999999;1.3311111111111107;1377021275.9666667;6.066666666666666;12.066555870903864;0.1511111111111111;8.133333333333335;0.10000000000000002;1.5533333333333335;1377030277.0;5.37;12.866561041937931;5.826666666666667;7.908888888888888;0.14444444444444443;1.34;1377039278.6333334;5.306666666666668;13.031001620822483;6.397777777777778;8.500000000000002;0.03111111111111111;0.9688888888888891;1377048279.0333333;5.257777777777777;11.835443284776476;0.7777777777777778;7.388888888888887;0.02222222222222222;0.8888888888888893;1377057279.9333334;5.231587301587301;11.67751085190546;0.006666666666666667;7.424126984126984;0.03111111111111111;0.8523809523809528;1377066281.1666667;5.261269841269843;11.677982330322266;0.013968253968253967;7.767619047619046;0.02;0.9476190476190479;1377075282.0;5.276349206349208;11.504014817495195;0.03777777777777778;7.289206349206348;0.05111111111111111;1.2342857142857144;1377084282.0333333;5.286666666666666;11.770996517605251;0.0022222222222222222;7.1111111111111125;0.0688888888888889;1.2888888888888888;1377093283.0;5.373333333333334;13.382113562689888;7.0;8.600000000000001;0.07111111111111111;1.3155555555555556;5.0
1377021275.9666667;6.066666666666666;12.066555870903864;0.1511111111111111;8.133333333333335;0.10000000000000002;1.5533333333333335;1377030277.0;5.37;12.866561041937931;5.826666666666667;7.908888888888888;0.14444444444444443;1.34;1377039278.6333334;5.306666666666668;13.031001620822483;6.397777777777778;8.500000000000002;0.03111111111111111;0.9688888888888891;1377048279.0333333;5.257777777777777;11.835443284776476;0.7777777777777778;7.388888888888887;0.02222222222222222;0.8888888888888893;1377057279.9333334;5.231587301587301;11.67751085190546;0.006666666666666667;7.424126984126984;0.03111111111111111;0.8523809523809528;1377066281.1666667;5.261269841269843;11.677982330322266;0.013968253968253967;7.767619047619046;0.02;0.9476190476190479;1377075282.0;5.276349206349208;11.504014817495195;0.03777777777777778;7.289206349206348;0.05111111111111111;1.2342857142857144;1377084282.0333333;5.286666666666666;11.770996517605251;0.0022222222222222222;7.1111111111111125;0.0688888888888889;1.2888888888888888;1377093283.0;5.373333333333334;13.382113562689888;7.0;8.600000000000001;0.07111111111111111;1.3155555555555556;1377102284.1;5.311851851851852;11.43100032099971;0.3977777777777778;7.447407407407408;0.07851851851851852;1.145185185185185;5.0
1377030277.0;5.37;12.866561041937931;5.826666666666667;7.908888888888888;0.14444444444444443;1.34;1377039278.6333334;5.306666666666668;13.031001620822483;6.397777777777778;8.500000000000002;0.03111111111111111;0.9688888888888891;1377048279.0333333;5.257777777777777;11.835443284776476;0.7777777777777778;7.388888888888887;0.02222222222222222;0.8888888888888893;1377057279.9333334;5.231587301587301;11.67751085190546;0.006666666666666667;7.424126984126984;0.03111111111111111;0.8523809523809528;1377066281.1666667;5.261269841269843;11.677982330322266;0.013968253968253967;7.767619047619046;0.02;0.9476190476190479;1377075282.0;5.276349206349208;11.504014817495195;0.03777777777777778;7.289206349206348;0.05111111111111111;1.2342857142857144;1377084282.0333333;5.286666666666666;11.770996517605251;0.0022222222222222222;7.1111111111111125;0.0688888888888889;1.2888888888888888;1377093283.0;5.373333333333334;13.382113562689888;7.0;8.600000000000001;0.07111111111111111;1.3155555555555556;1377102284.1;5.311851851851852;11.43100032099971;0.3977777777777778;7.447407407407408;0.07851851851851852;1.145185185185185;1377111285.1;5.295555555555555;11.957669576009113;0.0044444444444444444;7.682222222222222;0.048888888888888885;1.0200000000000002;5.0
1377039278.6333334;5.306666666666668;13.031001620822483;6.397777777777778;8.500000000000002;0.03111111111111111;0.9688888888888891;1377048279.0333333;5.257777777777777;11.835443284776476;0.7777777777777778;7.388888888888887;0.02222222222222222;0.8888888888888893;1377057279.9333334;5.231587301587301;11.67751085190546;0.006666666666666667;7.424126984126984;0.03111111111111111;0.8523809523809528;1377066281.1666667;5.261269841269843;11.677982330322266;0.013968253968253967;7.767619047619046;0.02;0.9476190476190479;1377075282.0;5.276349206349208;11.504014817495195;0.03777777777777778;7.289206349206348;0.05111111111111111;1.2342857142857144;1377084282.0333333;5.286666666666666;11.770996517605251;0.0022222222222222222;7.1111111111111125;0.0688888888888889;1.2888888888888888;1377093283.0;5.373333333333334;13.382113562689888;7.0;8.600000000000001;0.07111111111111111;1.3155555555555556;1377102284.1;5.311851851851852;11.43100032099971;0.3977777777777778;7.447407407407408;0.07851851851851852;1.145185185185185;1377111285.1;5.295555555555555;11.957669576009113;0.0044444444444444444;7.682222222222222;0.048888888888888885;1.0200000000000002;1377120286.0333333;5.315555555555557;13.177674611409508;11.82;14.082222222222223;0.02888888888888889;0.8311111111111114;5.0
1377048279.0333333;5.257777777777777;11.835443284776476;0.7777777777777778;7.388888888888887;0.02222222222222222;0.8888888888888893;1377057279.9333334;5.231587301587301;11.67751085190546;0.006666666666666667;7.424126984126984;0.03111111111111111;0.8523809523809528;1377066281.1666667;5.261269841269843;11.677982330322266;0.013968253968253967;7.767619047619046;0.02;0.9476190476190479;1377075282.0;5.276349206349208;11.504014817495195;0.03777777777777778;7.289206349206348;0.05111111111111111;1.2342857142857144;1377084282.0333333;5.286666666666666;11.770996517605251;0.0022222222222222222;7.1111111111111125;0.0688888888888889;1.2888888888888888;1377093283.0;5.373333333333334;13.382113562689888;7.0;8.600000000000001;0.07111111111111111;1.3155555555555556;1377102284.1;5.311851851851852;11.43100032099971;0.3977777777777778;7.447407407407408;0.07851851851851852;1.145185185185185;1377111285.1;5.295555555555555;11.957669576009113;0.0044444444444444444;7.682222222222222;0.048888888888888885;1.0200000000000002;1377120286.0333333;5.315555555555557;13.177674611409508;11.82;14.082222222222223;0.02888888888888889;0.8311111111111114;1377129287.2;5.268888888888889;11.344327714708117;0.017777777777777778;7.337777777777778;0.03111111111111111;0.7044444444444443;5.0
1377057279.9333334;5.231587301587301;11.67751085190546;0.006666666666666667;7.424126984126984;0.03111111111111111;0.8523809523809528;1377066281.1666667;5.261269841269843;11.677982330322266;0.013968253968253967;7.767619047619046;0.02;0.9476190476190479;1377075282.0;5.276349206349208;11.504014817495195;0.03777777777777778;7.289206349206348;0.05111111111111111;1.2342857142857144;1377084282.0333333;5.286666666666666;11.770996517605251;0.0022222222222222222;7.1111111111111125;0.0688888888888889;1.2888888888888888;1377093283.0;5.373333333333334;13.382113562689888;7.0;8.600000000000001;0.07111111111111111;1.3155555555555556;1377102284.1;5.311851851851852;11.43100032099971;0.3977777777777778;7.447407407407408;0.07851851851851852;1.145185185185185;1377111285.1;5.295555555555555;11.957669576009113;0.0044444444444444444;7.682222222222222;0.048888888888888885;1.0200000000000002;1377120286.0333333;5.315555555555557;13.177674611409508;11.82;14.082222222222223;0.02888888888888889;0.8311111111111114;1377129287.2;5.268888888888889;11.344327714708117;0.017777777777777778;7.337777777777778;0.03111111111111111;0.7044444444444443;1377138288.0;5.295555555555556;11.931006537543402;0.0044444444444444444;7.126666666666665;0.02;0.617777777777778;5.0
1377066281.1666667;5.261269841269843;11.677982330322266;0.013968253968253967;7.767619047619046;0.02;0.9476190476190479;1377075282.0;5.276349206349208;11.504014817495195;0.03777777777777778;7.289206349206348;0.05111111111111111;1.2342857142857144;1377084282.0333333;5.286666666666666;11.770996517605251;0.0022222222222222222;7.1111111111111125;0.0688888888888889;1.2888888888888888;1377093283.0;5.373333333333334;13.382113562689888;7.0;8.600000000000001;0.07111111111111111;1.3155555555555556;1377102284.1;5.311851851851852;11.43100032099971;0.3977777777777778;7.447407407407408;0.07851851851851852;1.145185185185185;1377111285.1;5.295555555555555;11.957669576009113;0.0044444444444444444;7.682222222222222;0.048888888888888885;1.0200000000000002;1377120286.0333333;5.315555555555557;13.177674611409508;11.82;14.082222222222223;0.02888888888888889;0.8311111111111114;1377129287.2;5.268888888888889;11.344327714708117;0.017777777777777778;7.337777777777778;0.03111111111111111;0.7044444444444443;1377138288.0;5.295555555555556;11.931006537543402;0.0044444444444444444;7.126666666666665;0.02;0.617777777777778;1377147288.3;5.391111111111111;13.599892086452908;6.591269841269841;8.331111111111111;0.02666666666666667;0.6844444444444444;5.0
1377075282.0;5.276349206349208;11.504014817495195;0.03777777777777778;7.289206349206348;0.05111111111111111;1.2342857142857144;1377084282.0333333;5.286666666666666;11.770996517605251;0.0022222222222222222;7.1111111111111125;0.0688888888888889;1.2888888888888888;1377093283.0;5.373333333333334;13.382113562689888;7.0;8.600000000000001;0.07111111111111111;1.3155555555555556;1377102284.1;5.311851851851852;11.43100032099971;0.3977777777777778;7.447407407407408;0.07851851851851852;1.145185185185185;1377111285.1;5.295555555555555;11.957669576009113;0.0044444444444444444;7.682222222222222;0.048888888888888885;1.0200000000000002;1377120286.0333333;5.315555555555557;13.177674611409508;11.82;14.082222222222223;0.02888888888888889;0.8311111111111114;1377129287.2;5.268888888888889;11.344327714708117;0.017777777777777778;7.337777777777778;0.03111111111111111;0.7044444444444443;1377138288.0;5.295555555555556;11.931006537543402;0.0044444444444444444;7.126666666666665;0.02;0.617777777777778;1377147288.3;5.391111111111111;13.599892086452908;6.591269841269841;8.331111111111111;0.02666666666666667;0.6844444444444444;1377156289.2;5.317777777777778;12.048781500922308;0.41555555555555557;7.571111111111112;0.02;0.7822222222222222;5.0
1377084282.0333333;5.286666666666666;11.770996517605251;0.0022222222222222222;7.1111111111111125;0.0688888888888889;1.2888888888888888;1377093283.0;5.373333333333334;13.382113562689888;7.0;8.600000000000001;0.07111111111111111;1.3155555555555556;1377102284.1;5.311851851851852;11.43100032099971;0.3977777777777778;7.447407407407408;0.07851851851851852;1.145185185185185;1377111285.1;5.295555555555555;11.957669576009113;0.0044444444444444444;7.682222222222222;0.048888888888888885;1.0200000000000002;1377120286.0333333;5.315555555555557;13.177674611409508;11.82;14.082222222222223;0.02888888888888889;0.8311111111111114;1377129287.2;5.268888888888889;11.344327714708117;0.017777777777777778;7.337777777777778;0.03111111111111111;0.7044444444444443;1377138288.0;5.295555555555556;11.931006537543402;0.0044444444444444444;7.126666666666665;0.02;0.617777777777778;1377147288.3;5.391111111111111;13.599892086452908;6.591269841269841;8.331111111111111;0.02666666666666667;0.6844444444444444;1377156289.2;5.317777777777778;12.048781500922308;0.41555555555555557;7.571111111111112;0.02;0.7822222222222222;1377165289.7333333;5.315555555555554;11.686559465196398;0.015555555555555555;7.653333333333333;0.03111111111111111;1.0044444444444445;5.0
1377093283.0;5.373333333333334;13.382113562689888;7.0;8.600000000000001;0.07111111111111111;1.3155555555555556;1377102284.1;5.311851851851852;11.43100032099971;0.3977777777777778;7.447407407407408;0.07851851851851852;1.145185185185185;1377111285.1;5.295555555555555;11.957669576009113;0.0044444444444444444;7.682222222222222;0.048888888888888885;1.0200000000000002;1377120286.0333333;5.315555555555557;13.177674611409508;11.82;14.082222222222223;0.02888888888888889;0.8311111111111114;1377129287.2;5.268888888888889;11.344327714708117;0.017777777777777778;7.337777777777778;0.03111111111111111;0.7044444444444443;1377138288.0;5.295555555555556;11.931006537543402;0.0044444444444444444;7.126666666666665;0.02;0.617777777777778;1377147288.3;5.391111111111111;13.599892086452908;6.591269841269841;8.331111111111111;0.02666666666666667;0.6844444444444444;1377156289.2;5.317777777777778;12.048781500922308;0.41555555555555557;7.571111111111112;0.02;0.7822222222222222;1377165289.7333333;5.315555555555554;11.686559465196398;0.015555555555555555;7.653333333333333;0.03111111111111111;1.0044444444444445;1377174290.7666667;5.578787878787879;11.237665157125454;0.0688888888888889;7.418888888888887;0.044444444444444446;1.1266666666666667;5.0
1377102284.1;5.311851851851852;11.43100032099971;0.3977777777777778;7.447407407407408;0.07851851851851852;1.145185185185185;1377111285.1;5.295555555555555;11.957669576009113;0.0044444444444444444;7.682222222222222;0.048888888888888885;1.0200000000000002;1377120286.0333333;5.315555555555557;13.177674611409508;11.82;14.082222222222223;0.02888888888888889;0.8311111111111114;1377129287.2;5.268888888888889;11.344327714708117;0.017777777777777778;7.337777777777778;0.03111111111111111;0.7044444444444443;1377138288.0;5.295555555555556;11.931006537543402;0.0044444444444444444;7.126666666666665;0.02;0.617777777777778;1377147288.3;5.391111111111111;13.599892086452908;6.591269841269841;8.331111111111111;0.02666666666666667;0.6844444444444444;1377156289.2;5.317777777777778;12.048781500922308;0.41555555555555557;7.571111111111112;0.02;0.7822222222222222;1377165289.7333333;5.315555555555554;11.686559465196398;0.015555555555555555;7.653333333333333;0.03111111111111111;1.0044444444444445;1377174290.7666667;5.578787878787879;11.237665157125454;0.0688888888888889;7.418888888888887;0.044444444444444446;1.1266666666666667;1377183291.6;6.2333333333333325;11.875450558132595;0.0044444444444444444;7.588888888888889;0.1733333333333333;1.2133333333333338;5.0
1377111285.1;5.295555555555555;11.957669576009113;0.0044444444444444444;7.682222222222222;0.048888888888888885;1.0200000000000002;1377120286.0333333;5.315555555555557;13.177674611409508;11.82;14.082222222222223;0.02888888888888889;0.8311111111111114;1377129287.2;5.268888888888889;11.344327714708117;0.017777777777777778;7.337777777777778;0.03111111111111111;0.7044444444444443;1377138288.0;5.295555555555556;11.931006537543402;0.0044444444444444444;7.126666666666665;0.02;0.617777777777778;1377147288.3;5.391111111111111;13.599892086452908;6.591269841269841;8.331111111111111;0.02666666666666667;0.6844444444444444;1377156289.2;5.317777777777778;12.048781500922308;0.41555555555555557;7.571111111111112;0.02;0.7822222222222222;1377165289.7333333;5.315555555555554;11.686559465196398;0.015555555555555555;7.653333333333333;0.03111111111111111;1.0044444444444445;1377174290.7666667;5.578787878787879;11.237665157125454;0.0688888888888889;7.418888888888887;0.044444444444444446;1.1266666666666667;1377183291.6;6.2333333333333325;11.875450558132595;0.0044444444444444444;7.588888888888889;0.1733333333333333;1.2133333333333338;1377192292.7;5.859444444444445;13.057662540011938;6.56888888888889;8.506031746031745;0.11333333333333334;1.391111111111111;5.0
1377120286.0333333;5.315555555555557;13.177674611409508;11.82;14.082222222222223;0.02888888888888889;0.8311111111111114;1377129287.2;5.268888888888889;11.344327714708117;0.017777777777777778;7.337777777777778;0.03111111111111111;0.7044444444444443;1377138288.0;5.295555555555556;11.931006537543402;0.0044444444444444444;7.126666666666665;0.02;0.617777777777778;1377147288.3;5.391111111111111;13.599892086452908;6.591269841269841;8.331111111111111;0.02666666666666667;0.6844444444444444;1377156289.2;5.317777777777778;12.048781500922308;0.41555555555555557;7.571111111111112;0.02;0.7822222222222222;1377165289.7333333;5.315555555555554;11.686559465196398;0.015555555555555555;7.653333333333333;0.03111111111111111;1.0044444444444445;1377174290.7666667;5.578787878787879;11.237665157125454;0.0688888888888889;7.418888888888887;0.044444444444444446;1.1266666666666667;1377183291.6;6.2333333333333325;11.875450558132595;0.0044444444444444444;7.588888888888889;0.1733333333333333;1.2133333333333338;1377192292.7;5.859444444444445;13.057662540011938;6.56888888888889;8.506031746031745;0.11333333333333334;1.391111111111111;1377201293.2333333;5.706666666666666;12.91767374674479;5.84;7.617777777777778;0.04;1.1155555555555559;5.0
1377129287.2;5.268888888888889;11.344327714708117;0.017777777777777778;7.337777777777778;0.03111111111111111;0.7044444444444443;1377138288.0;5.295555555555556;11.931006537543402;0.0044444444444444444;7.126666666666665;0.02;0.617777777777778;1377147288.3;5.391111111111111;13.599892086452908;6.591269841269841;8.331111111111111;0.02666666666666667;0.6844444444444444;1377156289.2;5.317777777777778;12.048781500922308;0.41555555555555557;7.571111111111112;0.02;0.7822222222222222;1377165289.7333333;5.315555555555554;11.686559465196398;0.015555555555555555;7.653333333333333;0.03111111111111111;1.0044444444444445;1377174290.7666667;5.578787878787879;11.237665157125454;0.0688888888888889;7.418888888888887;0.044444444444444446;1.1266666666666667;1377183291.6;6.2333333333333325;11.875450558132595;0.0044444444444444444;7.588888888888889;0.1733333333333333;1.2133333333333338;1377192292.7;5.859444444444445;13.057662540011938;6.56888888888889;8.506031746031745;0.11333333333333334;1.391111111111111;1377201293.2333333;5.706666666666666;12.91767374674479;5.84;7.617777777777778;0.04;1.1155555555555559;1377211344.7333333;5.617777777777778;11.253218756781683;0.52;7.746666666666667;0.02666666666666667;0.8333333333333331;5.0
1377138288.0;5.295555555555556;11.931006537543402;0.0044444444444444444;7.126666666666665;0.02;0.617777777777778;1377147288.3;5.391111111111111;13.599892086452908;6.591269841269841;8.331111111111111;0.02666666666666667;0.6844444444444444;1377156289.2;5.317777777777778;12.048781500922308;0.41555555555555557;7.571111111111112;0.02;0.7822222222222222;1377165289.7333333;5.315555555555554;11.686559465196398;0.015555555555555555;7.653333333333333;0.03111111111111111;1.0044444444444445;1377174290.7666667;5.578787878787879;11.237665157125454;0.0688888888888889;7.418888888888887;0.044444444444444446;1.1266666666666667;1377183291.6;6.2333333333333325;11.875450558132595;0.0044444444444444444;7.588888888888889;0.1733333333333333;1.2133333333333338;1377192292.7;5.859444444444445;13.057662540011938;6.56888888888889;8.506031746031745;0.11333333333333334;1.391111111111111;1377201293.2333333;5.706666666666666;12.91767374674479;5.84;7.617777777777778;0.04;1.1155555555555559;1377211344.7333333;5.617777777777778;11.253218756781683;0.52;7.746666666666667;0.02666666666666667;0.8333333333333331;1377220495.5;5.55111111111111;11.637667761908636;0.06666666666666667;7.344444444444443;0.02666666666666667;0.76;5.0
1377147288.3;5.391111111111111;13.599892086452908;6.591269841269841;8.331111111111111;0.02666666666666667;0.6844444444444444;1377156289.2;5.317777777777778;12.048781500922308;0.41555555555555557;7.571111111111112;0.02;0.7822222222222222;1377165289.7333333;5.315555555555554;11.686559465196398;0.015555555555555555;7.653333333333333;0.03111111111111111;1.0044444444444445;1377174290.7666667;5.578787878787879;11.237665157125454;0.0688888888888889;7.418888888888887;0.044444444444444446;1.1266666666666667;1377183291.6;6.2333333333333325;11.875450558132595;0.0044444444444444444;7.588888888888889;0.1733333333333333;1.2133333333333338;1377192292.7;5.859444444444445;13.057662540011938;6.56888888888889;8.506031746031745;0.11333333333333334;1.391111111111111;1377201293.2333333;5.706666666666666;12.91767374674479;5.84;7.617777777777778;0.04;1.1155555555555559;1377211344.7333333;5.617777777777778;11.253218756781683;0.52;7.746666666666667;0.02666666666666667;0.8333333333333331;1377220495.5;5.55111111111111;11.637667761908636;0.06666666666666667;7.344444444444443;0.02666666666666667;0.76;1377229496.0666666;5.584444444444444;11.851010216606989;0.004603174603174604;7.366190476190477;0.02222222222222222;0.6555555555555556;5.0
1377156289.2;5.317777777777778;12.048781500922308;0.41555555555555557;7.571111111111112;0.02;0.7822222222222222;1377165289.7333333;5.315555555555554;11.686559465196398;0.015555555555555555;7.653333333333333;0.03111111111111111;1.0044444444444445;1377174290.7666667;5.578787878787879;11.237665157125454;0.0688888888888889;7.418888888888887;0.044444444444444446;1.1266666666666667;1377183291.6;6.2333333333333325;11.875450558132595;0.0044444444444444444;7.588888888888889;0.1733333333333333;1.2133333333333338;1377192292.7;5.859444444444445;13.057662540011938;6.56888888888889;8.506031746031745;0.11333333333333334;1.391111111111111;1377201293.2333333;5.706666666666666;12.91767374674479;5.84;7.617777777777778;0.04;1.1155555555555559;1377211344.7333333;5.617777777777778;11.253218756781683;0.52;7.746666666666667;0.02666666666666667;0.8333333333333331;1377220495.5;5.55111111111111;11.637667761908636;0.06666666666666667;7.344444444444443;0.02666666666666667;0.76;1377229496.0666666;5.584444444444444;11.851010216606989;0.004603174603174604;7.366190476190477;0.02222222222222222;0.6555555555555556;1377238497.0333333;5.562222222222221;11.62210973103841;0.08;7.422222222222222;0.03333333333333333;0.8511111111111114;5.0
1377165289.7333333;5.315555555555554;11.686559465196398;0.015555555555555555;7.653333333333333;0.03111111111111111;1.0044444444444445;1377174290.7666667;5.578787878787879;11.237665157125454;0.0688888888888889;7.418888888888887;0.044444444444444446;1.1266666666666667;1377183291.6;6.2333333333333325;11.875450558132595;0.0044444444444444444;7.588888888888889;0.1733333333333333;1.2133333333333338;1377192292.7;5.859444444444445;13.057662540011938;6.56888888888889;8.506031746031745;0.11333333333333334;1.391111111111111;1377201293.2333333;5.706666666666666;12.91767374674479;5.84;7.617777777777778;0.04;1.1155555555555559;1377211344.7333333;5.617777777777778;11.253218756781683;0.52;7.746666666666667;0.02666666666666667;0.8333333333333331;1377220495.5;5.55111111111111;11.637667761908636;0.06666666666666667;7.344444444444443;0.02666666666666667;0.76;1377229496.0666666;5.584444444444444;11.851010216606989;0.004603174603174604;7.366190476190477;0.02222222222222222;0.6555555555555556;1377238497.0333333;5.562222222222221;11.62210973103841;0.08;7.422222222222222;0.03333333333333333;0.8511111111111114;1377247497.7333333;5.677777777777776;13.331001705593536;6.553333333333334;8.424444444444443;0.02666666666666667;1.0377777777777781;5.0
1377174290.7666667;5.578787878787879;11.237665157125454;0.0688888888888889;7.418888888888887;0.044444444444444446;1.1266666666666667;1377183291.6;6.2333333333333325;11.875450558132595;0.0044444444444444444;7.588888888888889;0.1733333333333333;1.2133333333333338;1377192292.7;5.859444444444445;13.057662540011938;6.56888888888889;8.506031746031745;0.11333333333333334;1.391111111111111;1377201293.2333333;5.706666666666666;12.91767374674479;5.84;7.617777777777778;0.04;1.1155555555555559;1377211344.7333333;5.617777777777778;11.253218756781683;0.52;7.746666666666667;0.02666666666666667;0.8333333333333331;1377220495.5;5.55111111111111;11.637667761908636;0.06666666666666667;7.344444444444443;0.02666666666666667;0.76;1377229496.0666666;5.584444444444444;11.851010216606989;0.004603174603174604;7.366190476190477;0.02222222222222222;0.6555555555555556;1377238497.0333333;5.562222222222221;11.62210973103841;0.08;7.422222222222222;0.03333333333333333;0.8511111111111114;1377247497.7333333;5.677777777777776;13.331001705593536;6.553333333333334;8.424444444444443;0.02666666666666667;1.0377777777777781;1377256498.4333334;5.67111111111111;11.90655983818902;0.0022222222222222222;7.242222222222222;0.09555555555555556;1.1266666666666667;5.0
1377183291.6;6.2333333333333325;11.875450558132595;0.0044444444444444444;7.588888888888889;0.1733333333333333;1.2133333333333338;1377192292.7;5.859444444444445;13.057662540011938;6.56888888888889;8.506031746031745;0.11333333333333334;1.391111111111111;1377201293.2333333;5.706666666666666;12.91767374674479;5.84;7.617777777777778;0.04;1.1155555555555559;1377211344.7333333;5.617777777777778;11.253218756781683;0.52;7.746666666666667;0.02666666666666667;0.8333333333333331;1377220495.5;5.55111111111111;11.637667761908636;0.06666666666666667;7.344444444444443;0.02666666666666667;0.76;1377229496.0666666;5.584444444444444;11.851010216606989;0.004603174603174604;7.366190476190477;0.02222222222222222;0.6555555555555556;1377238497.0333333;5.562222222222221;11.62210973103841;0.08;7.422222222222222;0.03333333333333333;0.8511111111111114;1377247497.7333333;5.677777777777776;13.331001705593536;6.553333333333334;8.424444444444443;0.02666666666666667;1.0377777777777781;1377256498.4333334;5.67111111111111;11.90655983818902;0.0022222222222222222;7.242222222222222;0.09555555555555556;1.1266666666666667;1377265499.0;5.617777777777777;12.0021112230089;0.41777777777777775;7.32222222222222;0.04444444444444444;1.077777777777778;5.0
1377192292.7;5.859444444444445;13.057662540011938;6.56888888888889;8.506031746031745;0.11333333333333334;1.391111111111111;1377201293.2333333;5.706666666666666;12.91767374674479;5.84;7.617777777777778;0.04;1.1155555555555559;1377211344.7333333;5.617777777777778;11.253218756781683;0.52;7.746666666666667;0.02666666666666667;0.8333333333333331;1377220495.5;5.55111111111111;11.637667761908636;0.06666666666666667;7.344444444444443;0.02666666666666667;0.76;1377229496.0666666;5.584444444444444;11.851010216606989;0.004603174603174604;7.366190476190477;0.02222222222222222;0.6555555555555556;1377238497.0333333;5.562222222222221;11.62210973103841;0.08;7.422222222222222;0.03333333333333333;0.8511111111111114;1377247497.7333333;5.677777777777776;13.331001705593536;6.553333333333334;8.424444444444443;0.02666666666666667;1.0377777777777781;1377256498.4333334;5.67111111111111;11.90655983818902;0.0022222222222222222;7.242222222222222;0.09555555555555556;1.1266666666666667;1377265499.0;5.617777777777777;12.0021112230089;0.41777777777777775;7.32222222222222;0.04444444444444444;1.077777777777778;1377274499.8;5.662222222222224;12.188780042860246;0.5777777777777777;7.224444444444446;0.048888888888888885;1.0644444444444447;5.0
1377201293.2333333;5.706666666666666;12.91767374674479;5.84;7.617777777777778;0.04;1.1155555555555559;1377211344.7333333;5.617777777777778;11.253218756781683;0.52;7.746666666666667;0.02666666666666667;0.8333333333333331;1377220495.5;5.55111111111111;11.637667761908636;0.06666666666666667;7.344444444444443;0.02666666666666667;0.76;1377229496.0666666;5.584444444444444;11.851010216606989;0.004603174603174604;7.366190476190477;0.02222222222222222;0.6555555555555556;1377238497.0333333;5.562222222222221;11.62210973103841;0.08;7.422222222222222;0.03333333333333333;0.8511111111111114;1377247497.7333333;5.677777777777776;13.331001705593536;6.553333333333334;8.424444444444443;0.02666666666666667;1.0377777777777781;1377256498.4333334;5.67111111111111;11.90655983818902;0.0022222222222222222;7.242222222222222;0.09555555555555556;1.1266666666666667;1377265499.0;5.617777777777777;12.0021112230089;0.41777777777777775;7.32222222222222;0.04444444444444444;1.077777777777778;1377274499.8;5.662222222222224;12.188780042860246;0.5777777777777777;7.224444444444446;0.048888888888888885;1.0644444444444447;1377283500.7333333;5.686666666666666;11.906553480360243;0.04444444444444444;7.2888888888888905;0.03111111111111111;0.9911111111111115;5.0
1377211344.7333333;5.617777777777778;11.253218756781683;0.52;7.746666666666667;0.02666666666666667;0.8333333333333331;1377220495.5;5.55111111111111;11.637667761908636;0.06666666666666667;7.344444444444443;0.02666666666666667;0.76;1377229496.0666666;5.584444444444444;11.851010216606989;0.004603174603174604;7.366190476190477;0.02222222222222222;0.6555555555555556;1377238497.0333333;5.562222222222221;11.62210973103841;0.08;7.422222222222222;0.03333333333333333;0.8511111111111114;1377247497.7333333;5.677777777777776;13.331001705593536;6.553333333333334;8.424444444444443;0.02666666666666667;1.0377777777777781;1377256498.4333334;5.67111111111111;11.90655983818902;0.0022222222222222222;7.242222222222222;0.09555555555555556;1.1266666666666667;1377265499.0;5.617777777777777;12.0021112230089;0.41777777777777775;7.32222222222222;0.04444444444444444;1.077777777777778;1377274499.8;5.662222222222224;12.188780042860246;0.5777777777777777;7.224444444444446;0.048888888888888885;1.0644444444444447;1377283500.7333333;5.686666666666666;11.906553480360243;0.04444444444444444;7.2888888888888905;0.03111111111111111;0.9911111111111115;1377292501.4666667;5.7044444444444435;12.495444403754338;5.884444444444444;7.953333333333332;0.02888888888888889;0.8866666666666669;5.0
1377220495.5;5.55111111111111;11.637667761908636;0.06666666666666667;7.344444444444443;0.02666666666666667;0.76;1377229496.0666666;5.584444444444444;11.851010216606989;0.004603174603174604;7.366190476190477;0.02222222222222222;0.6555555555555556;1377238497.0333333;5.562222222222221;11.62210973103841;0.08;7.422222222222222;0.03333333333333333;0.8511111111111114;1377247497.7333333;5.677777777777776;13.331001705593536;6.553333333333334;8.424444444444443;0.02666666666666667;1.0377777777777781;1377256498.4333334;5.67111111111111;11.90655983818902;0.0022222222222222222;7.242222222222222;0.09555555555555556;1.1266666666666667;1377265499.0;5.617777777777777;12.0021112230089;0.41777777777777775;7.32222222222222;0.04444444444444444;1.077777777777778;1377274499.8;5.662222222222224;12.188780042860246;0.5777777777777777;7.224444444444446;0.048888888888888885;1.0644444444444447;1377283500.7333333;5.686666666666666;11.906553480360243;0.04444444444444444;7.2888888888888905;0.03111111111111111;0.9911111111111115;1377292501.4666667;5.7044444444444435;12.495444403754338;5.884444444444444;7.953333333333332;0.02888888888888889;0.8866666666666669;1377301502.1333334;5.779999999999998;12.91766611735026;6.7;8.551111111111112;0.024444444444444446;0.7777777777777776;5.0
1377229496.0666666;5.584444444444444;11.851010216606989;0.004603174603174604;7.366190476190477;0.02222222222222222;0.6555555555555556;1377238497.0333333;5.562222222222221;11.62210973103841;0.08;7.422222222222222;0.03333333333333333;0.8511111111111114;1377247497.7333333;5.677777777777776;13.331001705593536;6.553333333333334;8.424444444444443;0.02666666666666667;1.0377777777777781;1377256498.4333334;5.67111111111111;11.90655983818902;0.0022222222222222222;7.242222222222222;0.09555555555555556;1.1266666666666667;1377265499.0;5.617777777777777;12.0021112230089;0.41777777777777775;7.32222222222222;0.04444444444444444;1.077777777777778;1377274499.8;5.662222222222224;12.188780042860246;0.5777777777777777;7.224444444444446;0.048888888888888885;1.0644444444444447;1377283500.7333333;5.686666666666666;11.906553480360243;0.04444444444444444;7.2888888888888905;0.03111111111111111;0.9911111111111115;1377292501.4666667;5.7044444444444435;12.495444403754338;5.884444444444444;7.953333333333332;0.02888888888888889;0.8866666666666669;1377301502.1333334;5.779999999999998;12.91766611735026;6.7;8.551111111111112;0.024444444444444446;0.7777777777777776;1377310503.0;5.628888888888887;11.96877755059136;0.08444444444444445;7.371111111111111;0.02888888888888889;0.711111111111111;5.0
1377238497.0333333;5.562222222222221;11.62210973103841;0.08;7.422222222222222;0.03333333333333333;0.8511111111111114;1377247497.7333333;5.677777777777776;13.331001705593536;6.553333333333334;8.424444444444443;0.02666666666666667;1.0377777777777781;1377256498.4333334;5.67111111111111;11.90655983818902;0.0022222222222222222;7.242222222222222;0.09555555555555556;1.1266666666666667;1377265499.0;5.617777777777777;12.0021112230089;0.41777777777777775;7.32222222222222;0.04444444444444444;1.077777777777778;1377274499.8;5.662222222222224;12.188780042860246;0.5777777777777777;7.224444444444446;0.048888888888888885;1.0644444444444447;1377283500.7333333;5.686666666666666;11.906553480360243;0.04444444444444444;7.2888888888888905;0.03111111111111111;0.9911111111111115;1377292501.4666667;5.7044444444444435;12.495444403754338;5.884444444444444;7.953333333333332;0.02888888888888889;0.8866666666666669;1377301502.1333334;5.779999999999998;12.91766611735026;6.7;8.551111111111112;0.024444444444444446;0.7777777777777776;1377310503.0;5.628888888888887;11.96877755059136;0.08444444444444445;7.371111111111111;0.02888888888888889;0.711111111111111;1377319504.1666667;5.702222222222219;11.857667287190756;0.02;7.583492063492064;0.02222222222222222;0.6911111111111112;5.0
1377247497.7333333;5.677777777777776;13.331001705593536;6.553333333333334;8.424444444444443;0.02666666666666667;1.0377777777777781;1377256498.4333334;5.67111111111111;11.90655983818902;0.0022222222222222222;7.242222222222222;0.09555555555555556;1.1266666666666667;1377265499.0;5.617777777777777;12.0021112230089;0.41777777777777775;7.32222222222222;0.04444444444444444;1.077777777777778;1377274499.8;5.662222222222224;12.188780042860246;0.5777777777777777;7.224444444444446;0.048888888888888885;1.0644444444444447;1377283500.7333333;5.686666666666666;11.906553480360243;0.04444444444444444;7.2888888888888905;0.03111111111111111;0.9911111111111115;1377292501.4666667;5.7044444444444435;12.495444403754338;5.884444444444444;7.953333333333332;0.02888888888888889;0.8866666666666669;1377301502.1333334;5.779999999999998;12.91766611735026;6.7;8.551111111111112;0.024444444444444446;0.7777777777777776;1377310503.0;5.628888888888887;11.96877755059136;0.08444444444444445;7.371111111111111;0.02888888888888889;0.711111111111111;1377319504.1666667;5.702222222222219;11.857667287190756;0.02;7.583492063492064;0.02222222222222222;0.6911111111111112;1377328504.8666666;5.655555555555555;12.011000315348308;0.4288888888888888;7.442222222222224;0.02666666666666667;0.8488888888888891;5.0
1377256498.4333334;5.67111111111111;11.90655983818902;0.0022222222222222222;7.242222222222222;0.09555555555555556;1.1266666666666667;1377265499.0;5.617777777777777;12.0021112230089;0.41777777777777775;7.32222222222222;0.04444444444444444;1.077777777777778;1377274499.8;5.662222222222224;12.188780042860246;0.5777777777777777;7.224444444444446;0.048888888888888885;1.0644444444444447;1377283500.7333333;5.686666666666666;11.906553480360243;0.04444444444444444;7.2888888888888905;0.03111111111111111;0.9911111111111115;1377292501.4666667;5.7044444444444435;12.495444403754338;5.884444444444444;7.953333333333332;0.02888888888888889;0.8866666666666669;1377301502.1333334;5.779999999999998;12.91766611735026;6.7;8.551111111111112;0.024444444444444446;0.7777777777777776;1377310503.0;5.628888888888887;11.96877755059136;0.08444444444444445;7.371111111111111;0.02888888888888889;0.711111111111111;1377319504.1666667;5.702222222222219;11.857667287190756;0.02;7.583492063492064;0.02222222222222222;0.6911111111111112;1377328504.8666666;5.655555555555555;12.011000315348308;0.4288888888888888;7.442222222222224;0.02666666666666667;0.8488888888888891;1377337505.3333333;5.679999999999999;11.510999891493055;0.0;7.3577777777777795;0.03333333333333333;0.9800000000000004;5.0
1377265499.0;5.617777777777777;12.0021112230089;0.41777777777777775;7.32222222222222;0.04444444444444444;1.077777777777778;1377274499.8;5.662222222222224;12.188780042860246;0.5777777777777777;7.224444444444446;0.048888888888888885;1.0644444444444447;1377283500.7333333;5.686666666666666;11.906553480360243;0.04444444444444444;7.2888888888888905;0.03111111111111111;0.9911111111111115;1377292501.4666667;5.7044444444444435;12.495444403754338;5.884444444444444;7.953333333333332;0.02888888888888889;0.8866666666666669;1377301502.1333334;5.779999999999998;12.91766611735026;6.7;8.551111111111112;0.024444444444444446;0.7777777777777776;1377310503.0;5.628888888888887;11.96877755059136;0.08444444444444445;7.371111111111111;0.02888888888888889;0.711111111111111;1377319504.1666667;5.702222222222219;11.857667287190756;0.02;7.583492063492064;0.02222222222222222;0.6911111111111112;1377328504.8666666;5.655555555555555;12.011000315348308;0.4288888888888888;7.442222222222224;0.02666666666666667;0.8488888888888891;1377337505.3333333;5.679999999999999;11.510999891493055;0.0;7.3577777777777795;0.03333333333333333;0.9800000000000004;1377346506.2666667;5.710952380952379;14.22021702357701;6.562222222222221;8.56735042735043;0.042222222222222223;1.021880341880342;5.0
1377274499.8;5.662222222222224;12.188780042860246;0.5777777777777777;7.224444444444446;0.048888888888888885;1.0644444444444447;1377283500.7333333;5.686666666666666;11.906553480360243;0.04444444444444444;7.2888888888888905;0.03111111111111111;0.9911111111111115;1377292501.4666667;5.7044444444444435;12.495444403754338;5.884444444444444;7.953333333333332;0.02888888888888889;0.8866666666666669;1377301502.1333334;5.779999999999998;12.91766611735026;6.7;8.551111111111112;0.024444444444444446;0.7777777777777776;1377310503.0;5.628888888888887;11.96877755059136;0.08444444444444445;7.371111111111111;0.02888888888888889;0.711111111111111;1377319504.1666667;5.702222222222219;11.857667287190756;0.02;7.583492063492064;0.02222222222222222;0.6911111111111112;1377328504.8666666;5.655555555555555;12.011000315348308;0.4288888888888888;7.442222222222224;0.02666666666666667;0.8488888888888891;1377337505.3333333;5.679999999999999;11.510999891493055;0.0;7.3577777777777795;0.03333333333333333;0.9800000000000004;1377346506.2666667;5.710952380952379;14.22021702357701;6.562222222222221;8.56735042735043;0.042222222222222223;1.021880341880342;1377355507.0333333;5.613333333333331;12.064337412516275;0.0044444444444444444;7.337777777777778;0.02888888888888889;1.04;5.0
1377283500.7333333;5.686666666666666;11.906553480360243;0.04444444444444444;7.2888888888888905;0.03111111111111111;0.9911111111111115;1377292501.4666667;5.7044444444444435;12.495444403754338;5.884444444444444;7.953333333333332;0.02888888888888889;0.8866666666666669;1377301502.1333334;5.779999999999998;12.91766611735026;6.7;8.551111111111112;0.024444444444444446;0.7777777777777776;1377310503.0;5.628888888888887;11.96877755059136;0.08444444444444445;7.371111111111111;0.02888888888888889;0.711111111111111;1377319504.1666667;5.702222222222219;11.857667287190756;0.02;7.583492063492064;0.02222222222222222;0.6911111111111112;1377328504.8666666;5.655555555555555;12.011000315348308;0.4288888888888888;7.442222222222224;0.02666666666666667;0.8488888888888891;1377337505.3333333;5.679999999999999;11.510999891493055;0.0;7.3577777777777795;0.03333333333333333;0.9800000000000004;1377346506.2666667;5.710952380952379;14.22021702357701;6.562222222222221;8.56735042735043;0.042222222222222223;1.021880341880342;1377355507.0333333;5.613333333333331;12.064337412516275;0.0044444444444444444;7.337777777777778;0.02888888888888889;1.04;1377364507.4;5.999999999999998;11.806552886962892;0.33111111111111113;7.275555555555557;0.03777777777777778;1.0800000000000003;5.0
1377292501.4666667;5.7044444444444435;12.495444403754338;5.884444444444444;7.953333333333332;0.02888888888888889;0.8866666666666669;1377301502.1333334;5.779999999999998;12.91766611735026;6.7;8.551111111111112;0.024444444444444446;0.7777777777777776;1377310503.0;5.628888888888887;11.96877755059136;0.08444444444444445;7.371111111111111;0.02888888888888889;0.711111111111111;1377319504.1666667;5.702222222222219;11.857667287190756;0.02;7.583492063492064;0.02222222222222222;0.6911111111111112;1377328504.8666666;5.655555555555555;12.011000315348308;0.4288888888888888;7.442222222222224;0.02666666666666667;0.8488888888888891;1377337505.3333333;5.679999999999999;11.510999891493055;0.0;7.3577777777777795;0.03333333333333333;0.9800000000000004;1377346506.2666667;5.710952380952379;14.22021702357701;6.562222222222221;8.56735042735043;0.042222222222222223;1.021880341880342;1377355507.0333333;5.613333333333331;12.064337412516275;0.0044444444444444444;7.337777777777778;0.02888888888888889;1.04;1377364507.4;5.999999999999998;11.806552886962892;0.33111111111111113;7.275555555555557;0.03777777777777778;1.0800000000000003;1377373508.4333334;6.291111111111111;12.764341566297743;5.806666666666667;7.688888888888889;0.05333333333333333;1.0444444444444447;5.0
1377301502.1333334;5.779999999999998;12.91766611735026;6.7;8.551111111111112;0.024444444444444446;0.7777777777777776;1377310503.0;5.628888888888887;11.96877755059136;0.08444444444444445;7.371111111111111;0.02888888888888889;0.711111111111111;1377319504.1666667;5.702222222222219;11.857667287190756;0.02;7.583492063492064;0.02222222222222222;0.6911111111111112;1377328504.8666666;5.655555555555555;12.011000315348308;0.4288888888888888;7.442222222222224;0.02666666666666667;0.8488888888888891;1377337505.3333333;5.679999999999999;11.510999891493055;0.0;7.3577777777777795;0.03333333333333333;0.9800000000000004;1377346506.2666667;5.710952380952379;14.22021702357701;6.562222222222221;8.56735042735043;0.042222222222222223;1.021880341880342;1377355507.0333333;5.613333333333331;12.064337412516275;0.0044444444444444444;7.337777777777778;0.02888888888888889;1.04;1377364507.4;5.999999999999998;11.806552886962892;0.33111111111111113;7.275555555555557;0.03777777777777778;1.0800000000000003;1377373508.4333334;6.291111111111111;12.764341566297743;5.806666666666667;7.688888888888889;0.05333333333333333;1.0444444444444447;1377382509.2;6.219999999999998;11.746554480658638;0.5777777777777777;7.617777777777778;0.02888888888888889;0.8644444444444447;5.0
1377310503.0;5.628888888888887;11.96877755059136;0.08444444444444445;7.371111111111111;0.02888888888888889;0.711111111111111;1377319504.1666667;5.702222222222219;11.857667287190756;0.02;7.583492063492064;0.02222222222222222;0.6911111111111112;1377328504.8666666;5.655555555555555;12.011000315348308;0.4288888888888888;7.442222222222224;0.02666666666666667;0.8488888888888891;1377337505.3333333;5.679999999999999;11.510999891493055;0.0;7.3577777777777795;0.03333333333333333;0.9800000000000004;1377346506.2666667;5.710952380952379;14.22021702357701;6.562222222222221;8.56735042735043;0.042222222222222223;1.021880341880342;1377355507.0333333;5.613333333333331;12.064337412516275;0.0044444444444444444;7.337777777777778;0.02888888888888889;1.04;1377364507.4;5.999999999999998;11.806552886962892;0.33111111111111113;7.275555555555557;0.03777777777777778;1.0800000000000003;1377373508.4333334;6.291111111111111;12.764341566297743;5.806666666666667;7.688888888888889;0.05333333333333333;1.0444444444444447;1377382509.2;6.219999999999998;11.746554480658638;0.5777777777777777;7.617777777777778;0.02888888888888889;0.8644444444444447;1377391510.4666667;6.219999999999998;11.657660590277777;0.024444444444444446;7.508888888888888;0.02222222222222222;0.7022222222222221;5.0
1377319504.1666667;5.702222222222219;11.857667287190756;0.02;7.583492063492064;0.02222222222222222;0.6911111111111112;1377328504.8666666;5.655555555555555;12.011000315348308;0.4288888888888888;7.442222222222224;0.02666666666666667;0.8488888888888891;1377337505.3333333;5.679999999999999;11.510999891493055;0.0;7.3577777777777795;0.03333333333333333;0.9800000000000004;1377346506.2666667;5.710952380952379;14.22021702357701;6.562222222222221;8.56735042735043;0.042222222222222223;1.021880341880342;1377355507.0333333;5.613333333333331;12.064337412516275;0.0044444444444444444;7.337777777777778;0.02888888888888889;1.04;1377364507.4;5.999999999999998;11.806552886962892;0.33111111111111113;7.275555555555557;0.03777777777777778;1.0800000000000003;1377373508.4333334;6.291111111111111;12.764341566297743;5.806666666666667;7.688888888888889;0.05333333333333333;1.0444444444444447;1377382509.2;6.219999999999998;11.746554480658638;0.5777777777777777;7.617777777777778;0.02888888888888889;0.8644444444444447;1377391510.4666667;6.219999999999998;11.657660590277777;0.024444444444444446;7.508888888888888;0.02222222222222222;0.7022222222222221;1377400511.5333333;6.322222222222221;13.191001044379338;6.562222222222222;8.2;0.04666666666666666;0.6888888888888887;5.0
1377328504.8666666;5.655555555555555;12.011000315348308;0.4288888888888888;7.442222222222224;0.02666666666666667;0.8488888888888891;1377337505.3333333;5.679999999999999;11.510999891493055;0.0;7.3577777777777795;0.03333333333333333;0.9800000000000004;1377346506.2666667;5.710952380952379;14.22021702357701;6.562222222222221;8.56735042735043;0.042222222222222223;1.021880341880342;1377355507.0333333;5.613333333333331;12.064337412516275;0.0044444444444444444;7.337777777777778;0.02888888888888889;1.04;1377364507.4;5.999999999999998;11.806552886962892;0.33111111111111113;7.275555555555557;0.03777777777777778;1.0800000000000003;1377373508.4333334;6.291111111111111;12.764341566297743;5.806666666666667;7.688888888888889;0.05333333333333333;1.0444444444444447;1377382509.2;6.219999999999998;11.746554480658638;0.5777777777777777;7.617777777777778;0.02888888888888889;0.8644444444444447;1377391510.4666667;6.219999999999998;11.657660590277777;0.024444444444444446;7.508888888888888;0.02222222222222222;0.7022222222222221;1377400511.5333333;6.322222222222221;13.191001044379338;6.562222222222222;8.2;0.04666666666666666;0.6888888888888887;1377409512.2666667;6.042222222222224;12.471007453070747;0.33999999999999997;7.561587301587303;0.02666666666666667;0.7577777777777777;5.0
1377337505.3333333;5.679999999999999;11.510999891493055;0.0;7.3577777777777795;0.03333333333333333;0.9800000000000004;1377346506.2666667;5.710952380952379;14.22021702357701;6.562222222222221;8.56735042735043;0.042222222222222223;1.021880341880342;1377355507.0333333;5.613333333333331;12.064337412516275;0.0044444444444444444;7.337777777777778;0.02888888888888889;1.04;1377364507.4;5.999999999999998;11.806552886962892;0.33111111111111113;7.275555555555557;0.03777777777777778;1.0800000000000003;1377373508.4333334;6.291111111111111;12.764341566297743;5.806666666666667;7.688888888888889;0.05333333333333333;1.0444444444444447;1377382509.2;6.219999999999998;11.746554480658638;0.5777777777777777;7.617777777777778;0.02888888888888889;0.8644444444444447;1377391510.4666667;6.219999999999998;11.657660590277777;0.024444444444444446;7.508888888888888;0.02222222222222222;0.7022222222222221;1377400511.5333333;6.322222222222221;13.191001044379338;6.562222222222222;8.2;0.04666666666666666;0.6888888888888887;1377409512.2666667;6.042222222222224;12.471007453070747;0.33999999999999997;7.561587301587303;0.02666666666666667;0.7577777777777777;1377418513.4;5.515555555555555;11.739882575141058;0.03333333333333333;7.346666666666667;0.035555555555555556;0.9977777777777778;5.0
1377346506.2666667;5.710952380952379;14.22021702357701;6.562222222222221;8.56735042735043;0.042222222222222223;1.021880341880342;1377355507.0333333;5.613333333333331;12.064337412516275;0.0044444444444444444;7.337777777777778;0.02888888888888889;1.04;1377364507.4;5.999999999999998;11.806552886962892;0.33111111111111113;7.275555555555557;0.03777777777777778;1.0800000000000003;1377373508.4333334;6.291111111111111;12.764341566297743;5.806666666666667;7.688888888888889;0.05333333333333333;1.0444444444444447;1377382509.2;6.219999999999998;11.746554480658638;0.5777777777777777;7.617777777777778;0.02888888888888889;0.8644444444444447;1377391510.4666667;6.219999999999998;11.657660590277777;0.024444444444444446;7.508888888888888;0.02222222222222222;0.7022222222222221;1377400511.5333333;6.322222222222221;13.191001044379338;6.562222222222222;8.2;0.04666666666666666;0.6888888888888887;1377409512.2666667;6.042222222222224;12.471007453070747;0.33999999999999997;7.561587301587303;0.02666666666666667;0.7577777777777777;1377418513.4;5.515555555555555;11.739882575141058;0.03333333333333333;7.346666666666667;0.035555555555555556;0.9977777777777778;1377427793.3333333;5.524444444444444;11.35765838623047;0.0044444444444444444;7.34;0.03333333333333333;1.1400000000000003;5.0
1377355507.0333333;5.613333333333331;12.064337412516275;0.0044444444444444444;7.337777777777778;0.02888888888888889;1.04;1377364507.4;5.999999999999998;11.806552886962892;0.33111111111111113;7.275555555555557;0.03777777777777778;1.0800000000000003;1377373508.4333334;6.291111111111111;12.764341566297743;5.806666666666667;7.688888888888889;0.05333333333333333;1.0444444444444447;1377382509.2;6.219999999999998;11.746554480658638;0.5777777777777777;7.617777777777778;0.02888888888888889;0.8644444444444447;1377391510.4666667;6.219999999999998;11.657660590277777;0.024444444444444446;7.508888888888888;0.02222222222222222;0.7022222222222221;1377400511.5333333;6.322222222222221;13.191001044379338;6.562222222222222;8.2;0.04666666666666666;0.6888888888888887;1377409512.2666667;6.042222222222224;12.471007453070747;0.33999999999999997;7.561587301587303;0.02666666666666667;0.7577777777777777;1377418513.4;5.515555555555555;11.739882575141058;0.03333333333333333;7.346666666666667;0.035555555555555556;0.9977777777777778;1377427793.3333333;5.524444444444444;11.35765838623047;0.0044444444444444444;7.34;0.03333333333333333;1.1400000000000003;1377436814.0;5.517777777777779;12.095448811848957;0.0022222222222222222;7.693333333333334;0.024444444444444446;1.0266666666666668;5.0
1377364507.4;5.999999999999998;11.806552886962892;0.33111111111111113;7.275555555555557;0.03777777777777778;1.0800000000000003;1377373508.4333334;6.291111111111111;12.764341566297743;5.806666666666667;7.688888888888889;0.05333333333333333;1.0444444444444447;1377382509.2;6.219999999999998;11.746554480658638;0.5777777777777777;7.617777777777778;0.02888888888888889;0.8644444444444447;1377391510.4666667;6.219999999999998;11.657660590277777;0.024444444444444446;7.508888888888888;0.02222222222222222;0.7022222222222221;1377400511.5333333;6.322222222222221;13.191001044379338;6.562222222222222;8.2;0.04666666666666666;0.6888888888888887;1377409512.2666667;6.042222222222224;12.471007453070747;0.33999999999999997;7.561587301587303;0.02666666666666667;0.7577777777777777;1377418513.4;5.515555555555555;11.739882575141058;0.03333333333333333;7.346666666666667;0.035555555555555556;0.9977777777777778;1377427793.3333333;5.524444444444444;11.35765838623047;0.0044444444444444444;7.34;0.03333333333333333;1.1400000000000003;1377436814.0;5.517777777777779;12.095448811848957;0.0022222222222222222;7.693333333333334;0.024444444444444446;1.0266666666666668;1377445814.8666666;5.522222222222222;11.335444132486977;0.4911111111111111;7.497777777777778;0.035555555555555556;0.9955555555555559;5.0
1377373508.4333334;6.291111111111111;12.764341566297743;5.806666666666667;7.688888888888889;0.05333333333333333;1.0444444444444447;1377382509.2;6.219999999999998;11.746554480658638;0.5777777777777777;7.617777777777778;0.02888888888888889;0.8644444444444447;1377391510.4666667;6.219999999999998;11.657660590277777;0.024444444444444446;7.508888888888888;0.02222222222222222;0.7022222222222221;1377400511.5333333;6.322222222222221;13.191001044379338;6.562222222222222;8.2;0.04666666666666666;0.6888888888888887;1377409512.2666667;6.042222222222224;12.471007453070747;0.33999999999999997;7.561587301587303;0.02666666666666667;0.7577777777777777;1377418513.4;5.515555555555555;11.739882575141058;0.03333333333333333;7.346666666666667;0.035555555555555556;0.9977777777777778;1377427793.3333333;5.524444444444444;11.35765838623047;0.0044444444444444444;7.34;0.03333333333333333;1.1400000000000003;1377436814.0;5.517777777777779;12.095448811848957;0.0022222222222222222;7.693333333333334;0.024444444444444446;1.0266666666666668;1377445814.8666666;5.522222222222222;11.335444132486977;0.4911111111111111;7.497777777777778;0.035555555555555556;0.9955555555555559;1377454815.7666667;5.673333333333332;13.451008690728079;6.5600000000000005;8.07111111111111;0.06222222222222222;1.0444444444444445;5.0
1377382509.2;6.219999999999998;11.746554480658638;0.5777777777777777;7.617777777777778;0.02888888888888889;0.8644444444444447;1377391510.4666667;6.219999999999998;11.657660590277777;0.024444444444444446;7.508888888888888;0.02222222222222222;0.7022222222222221;1377400511.5333333;6.322222222222221;13.191001044379338;6.562222222222222;8.2;0.04666666666666666;0.6888888888888887;1377409512.2666667;6.042222222222224;12.471007453070747;0.33999999999999997;7.561587301587303;0.02666666666666667;0.7577777777777777;1377418513.4;5.515555555555555;11.739882575141058;0.03333333333333333;7.346666666666667;0.035555555555555556;0.9977777777777778;1377427793.3333333;5.524444444444444;11.35765838623047;0.0044444444444444444;7.34;0.03333333333333333;1.1400000000000003;1377436814.0;5.517777777777779;12.095448811848957;0.0022222222222222222;7.693333333333334;0.024444444444444446;1.0266666666666668;1377445814.8666666;5.522222222222222;11.335444132486977;0.4911111111111111;7.497777777777778;0.035555555555555556;0.9955555555555559;1377454815.7666667;5.673333333333332;13.451008690728079;6.5600000000000005;8.07111111111111;0.06222222222222222;1.0444444444444445;1377463816.3666666;5.6066666666666665;12.424336751302084;5.8;7.75111111111111;0.03111111111111111;0.9933333333333338;5.0
1377391510.4666667;6.219999999999998;11.657660590277777;0.024444444444444446;7.508888888888888;0.02222222222222222;0.7022222222222221;1377400511.5333333;6.322222222222221;13.191001044379338;6.562222222222222;8.2;0.04666666666666666;0.6888888888888887;1377409512.2666667;6.042222222222224;12.471007453070747;0.33999999999999997;7.561587301587303;0.02666666666666667;0.7577777777777777;1377418513.4;5.515555555555555;11.739882575141058;0.03333333333333333;7.346666666666667;0.035555555555555556;0.9977777777777778;1377427793.3333333;5.524444444444444;11.35765838623047;0.0044444444444444444;7.34;0.03333333333333333;1.1400000000000003;1377436814.0;5.517777777777779;12.095448811848957;0.0022222222222222222;7.693333333333334;0.024444444444444446;1.0266666666666668;1377445814.8666666;5.522222222222222;11.335444132486977;0.4911111111111111;7.497777777777778;0.035555555555555556;0.9955555555555559;1377454815.7666667;5.673333333333332;13.451008690728079;6.5600000000000005;8.07111111111111;0.06222222222222222;1.0444444444444445;1377463816.3666666;5.6066666666666665;12.424336751302084;5.8;7.75111111111111;0.03111111111111111;0.9933333333333338;1377472817.0333333;5.528888888888889;11.746557447645397;0.13111111111111112;7.251111111111111;0.02;0.7688888888888887;5.0
1377400511.5333333;6.322222222222221;13.191001044379338;6.562222222222222;8.2;0.04666666666666666;0.6888888888888887;1377409512.2666667;6.042222222222224;12.471007453070747;0.33999999999999997;7.561587301587303;0.02666666666666667;0.7577777777777777;1377418513.4;5.515555555555555;11.739882575141058;0.03333333333333333;7.346666666666667;0.035555555555555556;0.9977777777777778;1377427793.3333333;5.524444444444444;11.35765838623047;0.0044444444444444444;7.34;0.03333333333333333;1.1400000000000003;1377436814.0;5.517777777777779;12.095448811848957;0.0022222222222222222;7.693333333333334;0.024444444444444446;1.0266666666666668;1377445814.8666666;5.522222222222222;11.335444132486977;0.4911111111111111;7.497777777777778;0.035555555555555556;0.9955555555555559;1377454815.7666667;5.673333333333332;13.451008690728079;6.5600000000000005;8.07111111111111;0.06222222222222222;1.0444444444444445;1377463816.3666666;5.6066666666666665;12.424336751302084;5.8;7.75111111111111;0.03111111111111111;0.9933333333333338;1377472817.0333333;5.528888888888889;11.746557447645397;0.13111111111111112;7.251111111111111;0.02;0.7688888888888887;1377481818.0;5.5200000000000005;11.606549580891928;0.0044444444444444444;7.604444444444446;0.03333333333333333;0.731111111111111;5.0
1377409512.2666667;6.042222222222224;12.471007453070747;0.33999999999999997;7.561587301587303;0.02666666666666667;0.7577777777777777;1377418513.4;5.515555555555555;11.739882575141058;0.03333333333333333;7.346666666666667;0.035555555555555556;0.9977777777777778;1377427793.3333333;5.524444444444444;11.35765838623047;0.0044444444444444444;7.34;0.03333333333333333;1.1400000000000003;1377436814.0;5.517777777777779;12.095448811848957;0.0022222222222222222;7.693333333333334;0.024444444444444446;1.0266666666666668;1377445814.8666666;5.522222222222222;11.335444132486977;0.4911111111111111;7.497777777777778;0.035555555555555556;0.9955555555555559;1377454815.7666667;5.673333333333332;13.451008690728079;6.5600000000000005;8.07111111111111;0.06222222222222222;1.0444444444444445;1377463816.3666666;5.6066666666666665;12.424336751302084;5.8;7.75111111111111;0.03111111111111111;0.9933333333333338;1377472817.0333333;5.528888888888889;11.746557447645397;0.13111111111111112;7.251111111111111;0.02;0.7688888888888887;1377481818.0;5.5200000000000005;11.606549580891928;0.0044444444444444444;7.604444444444446;0.03333333333333333;0.731111111111111;1377490818.3;5.537777777777776;12.046555836995443;0.01111111111111111;7.326825396825396;0.02;0.6644444444444445;5.0
1377418513.4;5.515555555555555;11.739882575141058;0.03333333333333333;7.346666666666667;0.035555555555555556;0.9977777777777778;1377427793.3333333;5.524444444444444;11.35765838623047;0.0044444444444444444;7.34;0.03333333333333333;1.1400000000000003;1377436814.0;5.517777777777779;12.095448811848957;0.0022222222222222222;7.693333333333334;0.024444444444444446;1.0266666666666668;1377445814.8666666;5.522222222222222;11.335444132486977;0.4911111111111111;7.497777777777778;0.035555555555555556;0.9955555555555559;1377454815.7666667;5.673333333333332;13.451008690728079;6.5600000000000005;8.07111111111111;0.06222222222222222;1.0444444444444445;1377463816.3666666;5.6066666666666665;12.424336751302084;5.8;7.75111111111111;0.03111111111111111;0.9933333333333338;1377472817.0333333;5.528888888888889;11.746557447645397;0.13111111111111112;7.251111111111111;0.02;0.7688888888888887;1377481818.0;5.5200000000000005;11.606549580891928;0.0044444444444444444;7.604444444444446;0.03333333333333333;0.731111111111111;1377490818.3;5.537777777777776;12.046555836995443;0.01111111111111111;7.326825396825396;0.02;0.6644444444444445;1377499819.3333333;5.513333333333333;11.759888966878256;0.42;7.571111111111112;0.02666666666666667;0.8222222222222223;5.0
1377427793.3333333;5.524444444444444;11.35765838623047;0.0044444444444444444;7.34;0.03333333333333333;1.1400000000000003;1377436814.0;5.517777777777779;12.095448811848957;0.0022222222222222222;7.693333333333334;0.024444444444444446;1.0266666666666668;1377445814.8666666;5.522222222222222;11.335444132486977;0.4911111111111111;7.497777777777778;0.035555555555555556;0.9955555555555559;1377454815.7666667;5.673333333333332;13.451008690728079;6.5600000000000005;8.07111111111111;0.06222222222222222;1.0444444444444445;1377463816.3666666;5.6066666666666665;12.424336751302084;5.8;7.75111111111111;0.03111111111111111;0.9933333333333338;1377472817.0333333;5.528888888888889;11.746557447645397;0.13111111111111112;7.251111111111111;0.02;0.7688888888888887;1377481818.0;5.5200000000000005;11.606549580891928;0.0044444444444444444;7.604444444444446;0.03333333333333333;0.731111111111111;1377490818.3;5.537777777777776;12.046555836995443;0.01111111111111111;7.326825396825396;0.02;0.6644444444444445;1377499819.3333333;5.513333333333333;11.759888966878256;0.42;7.571111111111112;0.02666666666666667;0.8222222222222223;1377508820.3;5.788888888888888;13.026566823323568;6.571111111111112;8.268888888888888;0.02;1.0488888888888892;5.0
1377436814.0;5.517777777777779;12.095448811848957;0.0022222222222222222;7.693333333333334;0.024444444444444446;1.0266666666666668;1377445814.8666666;5.522222222222222;11.335444132486977;0.4911111111111111;7.497777777777778;0.035555555555555556;0.9955555555555559;1377454815.7666667;5.673333333333332;13.451008690728079;6.5600000000000005;8.07111111111111;0.06222222222222222;1.0444444444444445;1377463816.3666666;5.6066666666666665;12.424336751302084;5.8;7.75111111111111;0.03111111111111111;0.9933333333333338;1377472817.0333333;5.528888888888889;11.746557447645397;0.13111111111111112;7.251111111111111;0.02;0.7688888888888887;1377481818.0;5.5200000000000005;11.606549580891928;0.0044444444444444444;7.604444444444446;0.03333333333333333;0.731111111111111;1377490818.3;5.537777777777776;12.046555836995443;0.01111111111111111;7.326825396825396;0.02;0.6644444444444445;1377499819.3333333;5.513333333333333;11.759888966878256;0.42;7.571111111111112;0.02666666666666667;0.8222222222222223;1377508820.3;5.788888888888888;13.026566823323568;6.571111111111112;8.268888888888888;0.02;1.0488888888888892;1377518901.3666666;5.684444444444443;12.253223843044706;3.2622222222222224;7.357777777777779;0.04;1.1311111111111112;5.0
1377445814.8666666;5.522222222222222;11.335444132486977;0.4911111111111111;7.497777777777778;0.035555555555555556;0.9955555555555559;1377454815.7666667;5.673333333333332;13.451008690728079;6.5600000000000005;8.07111111111111;0.06222222222222222;1.0444444444444445;1377463816.3666666;5.6066666666666665;12.424336751302084;5.8;7.75111111111111;0.03111111111111111;0.9933333333333338;1377472817.0333333;5.528888888888889;11.746557447645397;0.13111111111111112;7.251111111111111;0.02;0.7688888888888887;1377481818.0;5.5200000000000005;11.606549580891928;0.0044444444444444444;7.604444444444446;0.03333333333333333;0.731111111111111;1377490818.3;5.537777777777776;12.046555836995443;0.01111111111111111;7.326825396825396;0.02;0.6644444444444445;1377499819.3333333;5.513333333333333;11.759888966878256;0.42;7.571111111111112;0.02666666666666667;0.8222222222222223;1377508820.3;5.788888888888888;13.026566823323568;6.571111111111112;8.268888888888888;0.02;1.0488888888888892;1377518901.3666666;5.684444444444443;12.253223843044706;3.2622222222222224;7.357777777777779;0.04;1.1311111111111112;1377528021.4666667;5.697777777777778;11.862104203965929;0.0044444444444444444;7.391111111111111;0.07111111111111111;1.2822222222222226;5.0
1377454815.7666667;5.673333333333332;13.451008690728079;6.5600000000000005;8.07111111111111;0.06222222222222222;1.0444444444444445;1377463816.3666666;5.6066666666666665;12.424336751302084;5.8;7.75111111111111;0.03111111111111111;0.9933333333333338;1377472817.0333333;5.528888888888889;11.746557447645397;0.13111111111111112;7.251111111111111;0.02;0.7688888888888887;1377481818.0;5.5200000000000005;11.606549580891928;0.0044444444444444444;7.604444444444446;0.03333333333333333;0.731111111111111;1377490818.3;5.537777777777776;12.046555836995443;0.01111111111111111;7.326825396825396;0.02;0.6644444444444445;1377499819.3333333;5.513333333333333;11.759888966878256;0.42;7.571111111111112;0.02666666666666667;0.8222222222222223;1377508820.3;5.788888888888888;13.026566823323568;6.571111111111112;8.268888888888888;0.02;1.0488888888888892;1377518901.3666666;5.684444444444443;12.253223843044706;3.2622222222222224;7.357777777777779;0.04;1.1311111111111112;1377528021.4666667;5.697777777777778;11.862104203965929;0.0044444444444444444;7.391111111111111;0.07111111111111111;1.2822222222222226;1377537022.2;5.670256410256409;11.796553310166056;0.024444444444444442;7.2711538461538465;0.125;1.3773504273504267;5.0
1377463816.3666666;5.6066666666666665;12.424336751302084;5.8;7.75111111111111;0.03111111111111111;0.9933333333333338;1377472817.0333333;5.528888888888889;11.746557447645397;0.13111111111111112;7.251111111111111;0.02;0.7688888888888887;1377481818.0;5.5200000000000005;11.606549580891928;0.0044444444444444444;7.604444444444446;0.03333333333333333;0.731111111111111;1377490818.3;5.537777777777776;12.046555836995443;0.01111111111111111;7.326825396825396;0.02;0.6644444444444445;1377499819.3333333;5.513333333333333;11.759888966878256;0.42;7.571111111111112;0.02666666666666667;0.8222222222222223;1377508820.3;5.788888888888888;13.026566823323568;6.571111111111112;8.268888888888888;0.02;1.0488888888888892;1377518901.3666666;5.684444444444443;12.253223843044706;3.2622222222222224;7.357777777777779;0.04;1.1311111111111112;1377528021.4666667;5.697777777777778;11.862104203965929;0.0044444444444444444;7.391111111111111;0.07111111111111111;1.2822222222222226;1377537022.2;5.670256410256409;11.796553310166056;0.024444444444444442;7.2711538461538465;0.125;1.3773504273504267;1377546023.1;5.7111111111111095;12.606562720404728;5.8;7.833333333333334;0.03111111111111111;1.0511111111111113;5.0
1377472817.0333333;5.528888888888889;11.746557447645397;0.13111111111111112;7.251111111111111;0.02;0.7688888888888887;1377481818.0;5.5200000000000005;11.606549580891928;0.0044444444444444444;7.604444444444446;0.03333333333333333;0.731111111111111;1377490818.3;5.537777777777776;12.046555836995443;0.01111111111111111;7.326825396825396;0.02;0.6644444444444445;1377499819.3333333;5.513333333333333;11.759888966878256;0.42;7.571111111111112;0.02666666666666667;0.8222222222222223;1377508820.3;5.788888888888888;13.026566823323568;6.571111111111112;8.268888888888888;0.02;1.0488888888888892;1377518901.3666666;5.684444444444443;12.253223843044706;3.2622222222222224;7.357777777777779;0.04;1.1311111111111112;1377528021.4666667;5.697777777777778;11.862104203965929;0.0044444444444444444;7.391111111111111;0.07111111111111111;1.2822222222222226;1377537022.2;5.670256410256409;11.796553310166056;0.024444444444444442;7.2711538461538465;0.125;1.3773504273504267;1377546023.1;5.7111111111111095;12.606562720404728;5.8;7.833333333333334;0.03111111111111111;1.0511111111111113;1377555024.0;5.653333333333332;11.719895680745442;0.5133333333333333;7.324444444444442;0.04;0.9733333333333337;5.0
1377481818.0;5.5200000000000005;11.606549580891928;0.0044444444444444444;7.604444444444446;0.03333333333333333;0.731111111111111;1377490818.3;5.537777777777776;12.046555836995443;0.01111111111111111;7.326825396825396;0.02;0.6644444444444445;1377499819.3333333;5.513333333333333;11.759888966878256;0.42;7.571111111111112;0.02666666666666667;0.8222222222222223;1377508820.3;5.788888888888888;13.026566823323568;6.571111111111112;8.268888888888888;0.02;1.0488888888888892;1377518901.3666666;5.684444444444443;12.253223843044706;3.2622222222222224;7.357777777777779;0.04;1.1311111111111112;1377528021.4666667;5.697777777777778;11.862104203965929;0.0044444444444444444;7.391111111111111;0.07111111111111111;1.2822222222222226;1377537022.2;5.670256410256409;11.796553310166056;0.024444444444444442;7.2711538461538465;0.125;1.3773504273504267;1377546023.1;5.7111111111111095;12.606562720404728;5.8;7.833333333333334;0.03111111111111111;1.0511111111111113;1377555024.0;5.653333333333332;11.719895680745442;0.5133333333333333;7.324444444444442;0.04;0.9733333333333337;1377564024.1666667;5.657777777777778;13.270999060736765;6.584444444444444;8.126666666666669;0.02;0.7311111111111109;5.0
1377490818.3;5.537777777777776;12.046555836995443;0.01111111111111111;7.326825396825396;0.02;0.6644444444444445;1377499819.3333333;5.513333333333333;11.759888966878256;0.42;7.571111111111112;0.02666666666666667;0.8222222222222223;1377508820.3;5.788888888888888;13.026566823323568;6.571111111111112;8.268888888888888;0.02;1.0488888888888892;1377518901.3666666;5.684444444444443;12.253223843044706;3.2622222222222224;7.357777777777779;0.04;1.1311111111111112;1377528021.4666667;5.697777777777778;11.862104203965929;0.0044444444444444444;7.391111111111111;0.07111111111111111;1.2822222222222226;1377537022.2;5.670256410256409;11.796553310166056;0.024444444444444442;7.2711538461538465;0.125;1.3773504273504267;1377546023.1;5.7111111111111095;12.606562720404728;5.8;7.833333333333334;0.03111111111111111;1.0511111111111113;1377555024.0;5.653333333333332;11.719895680745442;0.5133333333333333;7.324444444444442;0.04;0.9733333333333337;1377564024.1666667;5.657777777777778;13.270999060736765;6.584444444444444;8.126666666666669;0.02;0.7311111111111109;1377573025.4333334;5.5955555555555545;12.09100341796875;0.0;7.539999999999998;0.02666666666666667;0.6622222222222222;5.0
1377499819.3333333;5.513333333333333;11.759888966878256;0.42;7.571111111111112;0.02666666666666667;0.8222222222222223;1377508820.3;5.788888888888888;13.026566823323568;6.571111111111112;8.268888888888888;0.02;1.0488888888888892;1377518901.3666666;5.684444444444443;12.253223843044706;3.2622222222222224;7.357777777777779;0.04;1.1311111111111112;1377528021.4666667;5.697777777777778;11.862104203965929;0.0044444444444444444;7.391111111111111;0.07111111111111111;1.2822222222222226;1377537022.2;5.670256410256409;11.796553310166056;0.024444444444444442;7.2711538461538465;0.125;1.3773504273504267;1377546023.1;5.7111111111111095;12.606562720404728;5.8;7.833333333333334;0.03111111111111111;1.0511111111111113;1377555024.0;5.653333333333332;11.719895680745442;0.5133333333333333;7.324444444444442;0.04;0.9733333333333337;1377564024.1666667;5.657777777777778;13.270999060736765;6.584444444444444;8.126666666666669;0.02;0.7311111111111109;1377573025.4333334;5.5955555555555545;12.09100341796875;0.0;7.539999999999998;0.02666666666666667;0.6622222222222222;1377582026.4;5.606666666666666;12.128782484266491;0.33999999999999997;7.160476190476191;0.017777777777777778;0.7533333333333334;5.0
1377508820.3;5.788888888888888;13.026566823323568;6.571111111111112;8.268888888888888;0.02;1.0488888888888892;1377518901.3666666;5.684444444444443;12.253223843044706;3.2622222222222224;7.357777777777779;0.04;1.1311111111111112;1377528021.4666667;5.697777777777778;11.862104203965929;0.0044444444444444444;7.391111111111111;0.07111111111111111;1.2822222222222226;1377537022.2;5.670256410256409;11.796553310166056;0.024444444444444442;7.2711538461538465;0.125;1.3773504273504267;1377546023.1;5.7111111111111095;12.606562720404728;5.8;7.833333333333334;0.03111111111111111;1.0511111111111113;1377555024.0;5.653333333333332;11.719895680745442;0.5133333333333333;7.324444444444442;0.04;0.9733333333333337;1377564024.1666667;5.657777777777778;13.270999060736765;6.584444444444444;8.126666666666669;0.02;0.7311111111111109;1377573025.4333334;5.5955555555555545;12.09100341796875;0.0;7.539999999999998;0.02666666666666667;0.6622222222222222;1377582026.4;5.606666666666666;12.128782484266491;0.33999999999999997;7.160476190476191;0.017777777777777778;0.7533333333333334;1377591026.8333333;5.592777777777778;11.090997060139973;0.0022222222222222222;6.684444444444444;0.035555555555555556;1.1077777777777778;5.0
1377518901.3666666;5.684444444444443;12.253223843044706;3.2622222222222224;7.357777777777779;0.04;1.1311111111111112;1377528021.4666667;5.697777777777778;11.862104203965929;0.0044444444444444444;7.391111111111111;0.07111111111111111;1.2822222222222226;1377537022.2;5.670256410256409;11.796553310166056;0.024444444444444442;7.2711538461538465;0.125;1.3773504273504267;1377546023.1;5.7111111111111095;12.606562720404728;5.8;7.833333333333334;0.03111111111111111;1.0511111111111113;1377555024.0;5.653333333333332;11.719895680745442;0.5133333333333333;7.324444444444442;0.04;0.9733333333333337;1377564024.1666667;5.657777777777778;13.270999060736765;6.584444444444444;8.126666666666669;0.02;0.7311111111111109;1377573025.4333334;5.5955555555555545;12.09100341796875;0.0;7.539999999999998;0.02666666666666667;0.6622222222222222;1377582026.4;5.606666666666666;12.128782484266491;0.33999999999999997;7.160476190476191;0.017777777777777778;0.7533333333333334;1377591026.8333333;5.592777777777778;11.090997060139973;0.0022222222222222222;6.684444444444444;0.035555555555555556;1.1077777777777778;1377600027.2666667;5.553333333333333;11.8998892042372;0.0022222222222222222;7.051111111111111;0.05333333333333333;1.1377777777777776;5.0
1377528021.4666667;5.697777777777778;11.862104203965929;0.0044444444444444444;7.391111111111111;0.07111111111111111;1.2822222222222226;1377537022.2;5.670256410256409;11.796553310166056;0.024444444444444442;7.2711538461538465;0.125;1.3773504273504267;1377546023.1;5.7111111111111095;12.606562720404728;5.8;7.833333333333334;0.03111111111111111;1.0511111111111113;1377555024.0;5.653333333333332;11.719895680745442;0.5133333333333333;7.324444444444442;0.04;0.9733333333333337;1377564024.1666667;5.657777777777778;13.270999060736765;6.584444444444444;8.126666666666669;0.02;0.7311111111111109;1377573025.4333334;5.5955555555555545;12.09100341796875;0.0;7.539999999999998;0.02666666666666667;0.6622222222222222;1377582026.4;5.606666666666666;12.128782484266491;0.33999999999999997;7.160476190476191;0.017777777777777778;0.7533333333333334;1377591026.8333333;5.592777777777778;11.090997060139973;0.0022222222222222222;6.684444444444444;0.035555555555555556;1.1077777777777778;1377600027.2666667;5.553333333333333;11.8998892042372;0.0022222222222222222;7.051111111111111;0.05333333333333333;1.1377777777777776;1377609028.0;5.488888888888891;12.184335496690533;0.0044444444444444444;7.1688888888888895;0.07333333333333333;1.2511111111111113;5.0
1377537022.2;5.670256410256409;11.796553310166056;0.024444444444444442;7.2711538461538465;0.125;1.3773504273504267;1377546023.1;5.7111111111111095;12.606562720404728;5.8;7.833333333333334;0.03111111111111111;1.0511111111111113;1377555024.0;5.653333333333332;11.719895680745442;0.5133333333333333;7.324444444444442;0.04;0.9733333333333337;1377564024.1666667;5.657777777777778;13.270999060736765;6.584444444444444;8.126666666666669;0.02;0.7311111111111109;1377573025.4333334;5.5955555555555545;12.09100341796875;0.0;7.539999999999998;0.02666666666666667;0.6622222222222222;1377582026.4;5.606666666666666;12.128782484266491;0.33999999999999997;7.160476190476191;0.017777777777777778;0.7533333333333334;1377591026.8333333;5.592777777777778;11.090997060139973;0.0022222222222222222;6.684444444444444;0.035555555555555556;1.1077777777777778;1377600027.2666667;5.553333333333333;11.8998892042372;0.0022222222222222222;7.051111111111111;0.05333333333333333;1.1377777777777776;1377609028.0;5.488888888888891;12.184335496690533;0.0044444444444444444;7.1688888888888895;0.07333333333333333;1.2511111111111113;1377618028.9333334;5.544444444444446;13.086557176378035;6.971111111111112;9.171111111111115;0.06444444444444444;1.2444444444444445;5.0
1377546023.1;5.7111111111111095;12.606562720404728;5.8;7.833333333333334;0.03111111111111111;1.0511111111111113;1377555024.0;5.653333333333332;11.719895680745442;0.5133333333333333;7.324444444444442;0.04;0.9733333333333337;1377564024.1666667;5.657777777777778;13.270999060736765;6.584444444444444;8.126666666666669;0.02;0.7311111111111109;1377573025.4333334;5.5955555555555545;12.09100341796875;0.0;7.539999999999998;0.02666666666666667;0.6622222222222222;1377582026.4;5.606666666666666;12.128782484266491;0.33999999999999997;7.160476190476191;0.017777777777777778;0.7533333333333334;1377591026.8333333;5.592777777777778;11.090997060139973;0.0022222222222222222;6.684444444444444;0.035555555555555556;1.1077777777777778;1377600027.2666667;5.553333333333333;11.8998892042372;0.0022222222222222222;7.051111111111111;0.05333333333333333;1.1377777777777776;1377609028.0;5.488888888888891;12.184335496690533;0.0044444444444444444;7.1688888888888895;0.07333333333333333;1.2511111111111113;1377618028.9333334;5.544444444444446;13.086557176378035;6.971111111111112;9.171111111111115;0.06444444444444444;1.2444444444444445;1377627029.2333333;6.10047619047619;11.78878445095486;0.5644444444444444;7.366666666666666;0.042222222222222223;1.0923809523809525;5.0
1377555024.0;5.653333333333332;11.719895680745442;0.5133333333333333;7.324444444444442;0.04;0.9733333333333337;1377564024.1666667;5.657777777777778;13.270999060736765;6.584444444444444;8.126666666666669;0.02;0.7311111111111109;1377573025.4333334;5.5955555555555545;12.09100341796875;0.0;7.539999999999998;0.02666666666666667;0.6622222222222222;1377582026.4;5.606666666666666;12.128782484266491;0.33999999999999997;7.160476190476191;0.017777777777777778;0.7533333333333334;1377591026.8333333;5.592777777777778;11.090997060139973;0.0022222222222222222;6.684444444444444;0.035555555555555556;1.1077777777777778;1377600027.2666667;5.553333333333333;11.8998892042372;0.0022222222222222222;7.051111111111111;0.05333333333333333;1.1377777777777776;1377609028.0;5.488888888888891;12.184335496690533;0.0044444444444444444;7.1688888888888895;0.07333333333333333;1.2511111111111113;1377618028.9333334;5.544444444444446;13.086557176378035;6.971111111111112;9.171111111111115;0.06444444444444444;1.2444444444444445;1377627029.2333333;6.10047619047619;11.78878445095486;0.5644444444444444;7.366666666666666;0.042222222222222223;1.0923809523809525;1377636140.2666667;6.137777777777777;12.919890933566624;5.817777777777778;7.695555555555553;0.02222222222222222;0.9577777777777781;5.0
1377564024.1666667;5.657777777777778;13.270999060736765;6.584444444444444;8.126666666666669;0.02;0.7311111111111109;1377573025.4333334;5.5955555555555545;12.09100341796875;0.0;7.539999999999998;0.02666666666666667;0.6622222222222222;1377582026.4;5.606666666666666;12.128782484266491;0.33999999999999997;7.160476190476191;0.017777777777777778;0.7533333333333334;1377591026.8333333;5.592777777777778;11.090997060139973;0.0022222222222222222;6.684444444444444;0.035555555555555556;1.1077777777777778;1377600027.2666667;5.553333333333333;11.8998892042372;0.0022222222222222222;7.051111111111111;0.05333333333333333;1.1377777777777776;1377609028.0;5.488888888888891;12.184335496690533;0.0044444444444444444;7.1688888888888895;0.07333333333333333;1.2511111111111113;1377618028.9333334;5.544444444444446;13.086557176378035;6.971111111111112;9.171111111111115;0.06444444444444444;1.2444444444444445;1377627029.2333333;6.10047619047619;11.78878445095486;0.5644444444444444;7.366666666666666;0.042222222222222223;1.0923809523809525;1377636140.2666667;6.137777777777777;12.919890933566624;5.817777777777778;7.695555555555553;0.02222222222222222;0.9577777777777781;1377645331.0;6.082222222222222;11.933226691351997;0.13555555555555554;7.315555555555554;0.02666666666666667;0.8200000000000002;5.0
1377573025.4333334;5.5955555555555545;12.09100341796875;0.0;7.539999999999998;0.02666666666666667;0.6622222222222222;1377582026.4;5.606666666666666;12.128782484266491;0.33999999999999997;7.160476190476191;0.017777777777777778;0.7533333333333334;1377591026.8333333;5.592777777777778;11.090997060139973;0.0022222222222222222;6.684444444444444;0.035555555555555556;1.1077777777777778;1377600027.2666667;5.553333333333333;11.8998892042372;0.0022222222222222222;7.051111111111111;0.05333333333333333;1.1377777777777776;1377609028.0;5.488888888888891;12.184335496690533;0.0044444444444444444;7.1688888888888895;0.07333333333333333;1.2511111111111113;1377618028.9333334;5.544444444444446;13.086557176378035;6.971111111111112;9.171111111111115;0.06444444444444444;1.2444444444444445;1377627029.2333333;6.10047619047619;11.78878445095486;0.5644444444444444;7.366666666666666;0.042222222222222223;1.0923809523809525;1377636140.2666667;6.137777777777777;12.919890933566624;5.817777777777778;7.695555555555553;0.02222222222222222;0.9577777777777781;1377645331.0;6.082222222222222;11.933226691351997;0.13555555555555554;7.315555555555554;0.02666666666666667;0.8200000000000002;1377654332.0;6.106666666666667;12.108782026502825;0.08000000000000002;7.231111111111113;0.017777777777777778;0.7066666666666664;5.0
1377582026.4;5.606666666666666;12.128782484266491;0.33999999999999997;7.160476190476191;0.017777777777777778;0.7533333333333334;1377591026.8333333;5.592777777777778;11.090997060139973;0.0022222222222222222;6.684444444444444;0.035555555555555556;1.1077777777777778;1377600027.2666667;5.553333333333333;11.8998892042372;0.0022222222222222222;7.051111111111111;0.05333333333333333;1.1377777777777776;1377609028.0;5.488888888888891;12.184335496690533;0.0044444444444444444;7.1688888888888895;0.07333333333333333;1.2511111111111113;1377618028.9333334;5.544444444444446;13.086557176378035;6.971111111111112;9.171111111111115;0.06444444444444444;1.2444444444444445;1377627029.2333333;6.10047619047619;11.78878445095486;0.5644444444444444;7.366666666666666;0.042222222222222223;1.0923809523809525;1377636140.2666667;6.137777777777777;12.919890933566624;5.817777777777778;7.695555555555553;0.02222222222222222;0.9577777777777781;1377645331.0;6.082222222222222;11.933226691351997;0.13555555555555554;7.315555555555554;0.02666666666666667;0.8200000000000002;1377654332.0;6.106666666666667;12.108782026502825;0.08000000000000002;7.231111111111113;0.017777777777777778;0.7066666666666664;1377663332.3666666;6.159999999999999;13.473225063747831;5.84904761904762;8.74952380952381;0.035555555555555556;0.7466666666666668;5.0
1377591026.8333333;5.592777777777778;11.090997060139973;0.0022222222222222222;6.684444444444444;0.035555555555555556;1.1077777777777778;1377600027.2666667;5.553333333333333;11.8998892042372;0.0022222222222222222;7.051111111111111;0.05333333333333333;1.1377777777777776;1377609028.0;5.488888888888891;12.184335496690533;0.0044444444444444444;7.1688888888888895;0.07333333333333333;1.2511111111111113;1377618028.9333334;5.544444444444446;13.086557176378035;6.971111111111112;9.171111111111115;0.06444444444444444;1.2444444444444445;1377627029.2333333;6.10047619047619;11.78878445095486;0.5644444444444444;7.366666666666666;0.042222222222222223;1.0923809523809525;1377636140.2666667;6.137777777777777;12.919890933566624;5.817777777777778;7.695555555555553;0.02222222222222222;0.9577777777777781;1377645331.0;6.082222222222222;11.933226691351997;0.13555555555555554;7.315555555555554;0.02666666666666667;0.8200000000000002;1377654332.0;6.106666666666667;12.108782026502825;0.08000000000000002;7.231111111111113;0.017777777777777778;0.7066666666666664;1377663332.3666666;6.159999999999999;13.473225063747831;5.84904761904762;8.74952380952381;0.035555555555555556;0.7466666666666668;1377672613.0666666;7.776410256410255;11.740572285448383;1.328888888888889;7.717777777777777;0.04;0.9816666666666667;6.0
1377600027.2666667;5.553333333333333;11.8998892042372;0.0022222222222222222;7.051111111111111;0.05333333333333333;1.1377777777777776;1377609028.0;5.488888888888891;12.184335496690533;0.0044444444444444444;7.1688888888888895;0.07333333333333333;1.2511111111111113;1377618028.9333334;5.544444444444446;13.086557176378035;6.971111111111112;9.171111111111115;0.06444444444444444;1.2444444444444445;1377627029.2333333;6.10047619047619;11.78878445095486;0.5644444444444444;7.366666666666666;0.042222222222222223;1.0923809523809525;1377636140.2666667;6.137777777777777;12.919890933566624;5.817777777777778;7.695555555555553;0.02222222222222222;0.9577777777777781;1377645331.0;6.082222222222222;11.933226691351997;0.13555555555555554;7.315555555555554;0.02666666666666667;0.8200000000000002;1377654332.0;6.106666666666667;12.108782026502825;0.08000000000000002;7.231111111111113;0.017777777777777778;0.7066666666666664;1377663332.3666666;6.159999999999999;13.473225063747831;5.84904761904762;8.74952380952381;0.035555555555555556;0.7466666666666668;1377672613.0666666;7.776410256410255;11.740572285448383;1.328888888888889;7.717777777777777;0.04;0.9816666666666667;1377681634.0;8.464444444444442;11.995449913872614;0.0044444444444444444;7.391111111111112;0.03333333333333333;1.2155555555555553;6.0
1377609028.0;5.488888888888891;12.184335496690533;0.0044444444444444444;7.1688888888888895;0.07333333333333333;1.2511111111111113;1377618028.9333334;5.544444444444446;13.086557176378035;6.971111111111112;9.171111111111115;0.06444444444444444;1.2444444444444445;1377627029.2333333;6.10047619047619;11.78878445095486;0.5644444444444444;7.366666666666666;0.042222222222222223;1.0923809523809525;1377636140.2666667;6.137777777777777;12.919890933566624;5.817777777777778;7.695555555555553;0.02222222222222222;0.9577777777777781;1377645331.0;6.082222222222222;11.933226691351997;0.13555555555555554;7.315555555555554;0.02666666666666667;0.8200000000000002;1377654332.0;6.106666666666667;12.108782026502825;0.08000000000000002;7.231111111111113;0.017777777777777778;0.7066666666666664;1377663332.3666666;6.159999999999999;13.473225063747831;5.84904761904762;8.74952380952381;0.035555555555555556;0.7466666666666668;1377672613.0666666;7.776410256410255;11.740572285448383;1.328888888888889;7.717777777777777;0.04;0.9816666666666667;1377681634.0;8.464444444444442;11.995449913872614;0.0044444444444444444;7.391111111111112;0.03333333333333333;1.2155555555555553;1377690634.0;8.466666666666667;12.131003909640839;0.04;7.388888888888888;0.03333333333333333;1.12;5.0
1377618028.9333334;5.544444444444446;13.086557176378035;6.971111111111112;9.171111111111115;0.06444444444444444;1.2444444444444445;1377627029.2333333;6.10047619047619;11.78878445095486;0.5644444444444444;7.366666666666666;0.042222222222222223;1.0923809523809525;1377636140.2666667;6.137777777777777;12.919890933566624;5.817777777777778;7.695555555555553;0.02222222222222222;0.9577777777777781;1377645331.0;6.082222222222222;11.933226691351997;0.13555555555555554;7.315555555555554;0.02666666666666667;0.8200000000000002;1377654332.0;6.106666666666667;12.108782026502825;0.08000000000000002;7.231111111111113;0.017777777777777778;0.7066666666666664;1377663332.3666666;6.159999999999999;13.473225063747831;5.84904761904762;8.74952380952381;0.035555555555555556;0.7466666666666668;1377672613.0666666;7.776410256410255;11.740572285448383;1.328888888888889;7.717777777777777;0.04;0.9816666666666667;1377681634.0;8.464444444444442;11.995449913872614;0.0044444444444444444;7.391111111111112;0.03333333333333333;1.2155555555555553;1377690634.0;8.466666666666667;12.131003909640839;0.04;7.388888888888888;0.03333333333333333;1.12;1377699634.8333333;6.898888888888889;11.824332343207464;0.0;7.247301587301589;0.04698412698412698;1.2085714285714286;5.0
1377627029.2333333;6.10047619047619;11.78878445095486;0.5644444444444444;7.366666666666666;0.042222222222222223;1.0923809523809525;1377636140.2666667;6.137777777777777;12.919890933566624;5.817777777777778;7.695555555555553;0.02222222222222222;0.9577777777777781;1377645331.0;6.082222222222222;11.933226691351997;0.13555555555555554;7.315555555555554;0.02666666666666667;0.8200000000000002;1377654332.0;6.106666666666667;12.108782026502825;0.08000000000000002;7.231111111111113;0.017777777777777778;0.7066666666666664;1377663332.3666666;6.159999999999999;13.473225063747831;5.84904761904762;8.74952380952381;0.035555555555555556;0.7466666666666668;1377672613.0666666;7.776410256410255;11.740572285448383;1.328888888888889;7.717777777777777;0.04;0.9816666666666667;1377681634.0;8.464444444444442;11.995449913872614;0.0044444444444444444;7.391111111111112;0.03333333333333333;1.2155555555555553;1377690634.0;8.466666666666667;12.131003909640839;0.04;7.388888888888888;0.03333333333333333;1.12;1377699634.8333333;6.898888888888889;11.824332343207464;0.0;7.247301587301589;0.04698412698412698;1.2085714285714286;1377708635.7;5.762222222222222;13.495442708333334;6.162222222222223;8.737777777777776;0.05111111111111111;1.1911111111111112;5.0
1377636140.2666667;6.137777777777777;12.919890933566624;5.817777777777778;7.695555555555553;0.02222222222222222;0.9577777777777781;1377645331.0;6.082222222222222;11.933226691351997;0.13555555555555554;7.315555555555554;0.02666666666666667;0.8200000000000002;1377654332.0;6.106666666666667;12.108782026502825;0.08000000000000002;7.231111111111113;0.017777777777777778;0.7066666666666664;1377663332.3666666;6.159999999999999;13.473225063747831;5.84904761904762;8.74952380952381;0.035555555555555556;0.7466666666666668;1377672613.0666666;7.776410256410255;11.740572285448383;1.328888888888889;7.717777777777777;0.04;0.9816666666666667;1377681634.0;8.464444444444442;11.995449913872614;0.0044444444444444444;7.391111111111112;0.03333333333333333;1.2155555555555553;1377690634.0;8.466666666666667;12.131003909640839;0.04;7.388888888888888;0.03333333333333333;1.12;1377699634.8333333;6.898888888888889;11.824332343207464;0.0;7.247301587301589;0.04698412698412698;1.2085714285714286;1377708635.7;5.762222222222222;13.495442708333334;6.162222222222223;8.737777777777776;0.05111111111111111;1.1911111111111112;1377717636.3666666;5.662222222222221;12.153227488199871;0.06222222222222222;7.435555555555555;0.02666666666666667;1.0488888888888892;5.0
1377645331.0;6.082222222222222;11.933226691351997;0.13555555555555554;7.315555555555554;0.02666666666666667;0.8200000000000002;1377654332.0;6.106666666666667;12.108782026502825;0.08000000000000002;7.231111111111113;0.017777777777777778;0.7066666666666664;1377663332.3666666;6.159999999999999;13.473225063747831;5.84904761904762;8.74952380952381;0.035555555555555556;0.7466666666666668;1377672613.0666666;7.776410256410255;11.740572285448383;1.328888888888889;7.717777777777777;0.04;0.9816666666666667;1377681634.0;8.464444444444442;11.995449913872614;0.0044444444444444444;7.391111111111112;0.03333333333333333;1.2155555555555553;1377690634.0;8.466666666666667;12.131003909640839;0.04;7.388888888888888;0.03333333333333333;1.12;1377699634.8333333;6.898888888888889;11.824332343207464;0.0;7.247301587301589;0.04698412698412698;1.2085714285714286;1377708635.7;5.762222222222222;13.495442708333334;6.162222222222223;8.737777777777776;0.05111111111111111;1.1911111111111112;1377717636.3666666;5.662222222222221;12.153227488199871;0.06222222222222222;7.435555555555555;0.02666666666666667;1.0488888888888892;1377726636.8333333;5.7866666666666635;13.239898257785374;5.891111111111111;7.893333333333334;0.02888888888888889;0.9444444444444448;5.0
1377654332.0;6.106666666666667;12.108782026502825;0.08000000000000002;7.231111111111113;0.017777777777777778;0.7066666666666664;1377663332.3666666;6.159999999999999;13.473225063747831;5.84904761904762;8.74952380952381;0.035555555555555556;0.7466666666666668;1377672613.0666666;7.776410256410255;11.740572285448383;1.328888888888889;7.717777777777777;0.04;0.9816666666666667;1377681634.0;8.464444444444442;11.995449913872614;0.0044444444444444444;7.391111111111112;0.03333333333333333;1.2155555555555553;1377690634.0;8.466666666666667;12.131003909640839;0.04;7.388888888888888;0.03333333333333333;1.12;1377699634.8333333;6.898888888888889;11.824332343207464;0.0;7.247301587301589;0.04698412698412698;1.2085714285714286;1377708635.7;5.762222222222222;13.495442708333334;6.162222222222223;8.737777777777776;0.05111111111111111;1.1911111111111112;1377717636.3666666;5.662222222222221;12.153227488199871;0.06222222222222222;7.435555555555555;0.02666666666666667;1.0488888888888892;1377726636.8333333;5.7866666666666635;13.239898257785374;5.891111111111111;7.893333333333334;0.02888888888888889;0.9444444444444448;1377735638.2;5.526666666666666;11.71321487426758;0.4622222222222222;7.639999999999999;0.02;0.691111111111111;5.0
1377663332.3666666;6.159999999999999;13.473225063747831;5.84904761904762;8.74952380952381;0.035555555555555556;0.7466666666666668;1377672613.0666666;7.776410256410255;11.740572285448383;1.328888888888889;7.717777777777777;0.04;0.9816666666666667;1377681634.0;8.464444444444442;11.995449913872614;0.0044444444444444444;7.391111111111112;0.03333333333333333;1.2155555555555553;1377690634.0;8.466666666666667;12.131003909640839;0.04;7.388888888888888;0.03333333333333333;1.12;1377699634.8333333;6.898888888888889;11.824332343207464;0.0;7.247301587301589;0.04698412698412698;1.2085714285714286;1377708635.7;5.762222222222222;13.495442708333334;6.162222222222223;8.737777777777776;0.05111111111111111;1.1911111111111112;1377717636.3666666;5.662222222222221;12.153227488199871;0.06222222222222222;7.435555555555555;0.02666666666666667;1.0488888888888892;1377726636.8333333;5.7866666666666635;13.239898257785374;5.891111111111111;7.893333333333334;0.02888888888888889;0.9444444444444448;1377735638.2;5.526666666666666;11.71321487426758;0.4622222222222222;7.639999999999999;0.02;0.691111111111111;1377744639.0666666;5.422222222222223;12.351012335883244;0.008888888888888889;7.408888888888888;0.03333333333333333;0.691111111111111;5.0
1377672613.0666666;7.776410256410255;11.740572285448383;1.328888888888889;7.717777777777777;0.04;0.9816666666666667;1377681634.0;8.464444444444442;11.995449913872614;0.0044444444444444444;7.391111111111112;0.03333333333333333;1.2155555555555553;1377690634.0;8.466666666666667;12.131003909640839;0.04;7.388888888888888;0.03333333333333333;1.12;1377699634.8333333;6.898888888888889;11.824332343207464;0.0;7.247301587301589;0.04698412698412698;1.2085714285714286;1377708635.7;5.762222222222222;13.495442708333334;6.162222222222223;8.737777777777776;0.05111111111111111;1.1911111111111112;1377717636.3666666;5.662222222222221;12.153227488199871;0.06222222222222222;7.435555555555555;0.02666666666666667;1.0488888888888892;1377726636.8333333;5.7866666666666635;13.239898257785374;5.891111111111111;7.893333333333334;0.02888888888888889;0.9444444444444448;1377735638.2;5.526666666666666;11.71321487426758;0.4622222222222222;7.639999999999999;0.02;0.691111111111111;1377744639.0666666;5.422222222222223;12.351012335883244;0.008888888888888889;7.408888888888888;0.03333333333333333;0.691111111111111;1377753639.6;5.455555555555557;11.873222351074219;0.024444444444444442;7.692857142857142;0.017777777777777778;0.7333333333333333;5.0
1377681634.0;8.464444444444442;11.995449913872614;0.0044444444444444444;7.391111111111112;0.03333333333333333;1.2155555555555553;1377690634.0;8.466666666666667;12.131003909640839;0.04;7.388888888888888;0.03333333333333333;1.12;1377699634.8333333;6.898888888888889;11.824332343207464;0.0;7.247301587301589;0.04698412698412698;1.2085714285714286;1377708635.7;5.762222222222222;13.495442708333334;6.162222222222223;8.737777777777776;0.05111111111111111;1.1911111111111112;1377717636.3666666;5.662222222222221;12.153227488199871;0.06222222222222222;7.435555555555555;0.02666666666666667;1.0488888888888892;1377726636.8333333;5.7866666666666635;13.239898257785374;5.891111111111111;7.893333333333334;0.02888888888888889;0.9444444444444448;1377735638.2;5.526666666666666;11.71321487426758;0.4622222222222222;7.639999999999999;0.02;0.691111111111111;1377744639.0666666;5.422222222222223;12.351012335883244;0.008888888888888889;7.408888888888888;0.03333333333333333;0.691111111111111;1377753639.6;5.455555555555557;11.873222351074219;0.024444444444444442;7.692857142857142;0.017777777777777778;0.7333333333333333;1377762640.2333333;5.564444444444442;12.126554701063371;0.008888888888888889;7.13777777777778;0.05111111111111111;1.057777777777778;5.0
1377690634.0;8.466666666666667;12.131003909640839;0.04;7.388888888888888;0.03333333333333333;1.12;1377699634.8333333;6.898888888888889;11.824332343207464;0.0;7.247301587301589;0.04698412698412698;1.2085714285714286;1377708635.7;5.762222222222222;13.495442708333334;6.162222222222223;8.737777777777776;0.05111111111111111;1.1911111111111112;1377717636.3666666;5.662222222222221;12.153227488199871;0.06222222222222222;7.435555555555555;0.02666666666666667;1.0488888888888892;1377726636.8333333;5.7866666666666635;13.239898257785374;5.891111111111111;7.893333333333334;0.02888888888888889;0.9444444444444448;1377735638.2;5.526666666666666;11.71321487426758;0.4622222222222222;7.639999999999999;0.02;0.691111111111111;1377744639.0666666;5.422222222222223;12.351012335883244;0.008888888888888889;7.408888888888888;0.03333333333333333;0.691111111111111;1377753639.6;5.455555555555557;11.873222351074219;0.024444444444444442;7.692857142857142;0.017777777777777778;0.7333333333333333;1377762640.2333333;5.564444444444442;12.126554701063371;0.008888888888888889;7.13777777777778;0.05111111111111111;1.057777777777778;1377771641.0;5.26888888888889;12.797673967149525;5.777777777777778;8.335555555555556;0.042222222222222223;1.12;5.0
1377699634.8333333;6.898888888888889;11.824332343207464;0.0;7.247301587301589;0.04698412698412698;1.2085714285714286;1377708635.7;5.762222222222222;13.495442708333334;6.162222222222223;8.737777777777776;0.05111111111111111;1.1911111111111112;1377717636.3666666;5.662222222222221;12.153227488199871;0.06222222222222222;7.435555555555555;0.02666666666666667;1.0488888888888892;1377726636.8333333;5.7866666666666635;13.239898257785374;5.891111111111111;7.893333333333334;0.02888888888888889;0.9444444444444448;1377735638.2;5.526666666666666;11.71321487426758;0.4622222222222222;7.639999999999999;0.02;0.691111111111111;1377744639.0666666;5.422222222222223;12.351012335883244;0.008888888888888889;7.408888888888888;0.03333333333333333;0.691111111111111;1377753639.6;5.455555555555557;11.873222351074219;0.024444444444444442;7.692857142857142;0.017777777777777778;0.7333333333333333;1377762640.2333333;5.564444444444442;12.126554701063371;0.008888888888888889;7.13777777777778;0.05111111111111111;1.057777777777778;1377771641.0;5.26888888888889;12.797673967149525;5.777777777777778;8.335555555555556;0.042222222222222223;1.12;1377780641.9333334;5.251111111111111;11.71544223361545;0.008888888888888889;7.544444444444445;0.042222222222222223;1.1555555555555557;5.0
1377708635.7;5.762222222222222;13.495442708333334;6.162222222222223;8.737777777777776;0.05111111111111111;1.1911111111111112;1377717636.3666666;5.662222222222221;12.153227488199871;0.06222222222222222;7.435555555555555;0.02666666666666667;1.0488888888888892;1377726636.8333333;5.7866666666666635;13.239898257785374;5.891111111111111;7.893333333333334;0.02888888888888889;0.9444444444444448;1377735638.2;5.526666666666666;11.71321487426758;0.4622222222222222;7.639999999999999;0.02;0.691111111111111;1377744639.0666666;5.422222222222223;12.351012335883244;0.008888888888888889;7.408888888888888;0.03333333333333333;0.691111111111111;1377753639.6;5.455555555555557;11.873222351074219;0.024444444444444442;7.692857142857142;0.017777777777777778;0.7333333333333333;1377762640.2333333;5.564444444444442;12.126554701063371;0.008888888888888889;7.13777777777778;0.05111111111111111;1.057777777777778;1377771641.0;5.26888888888889;12.797673967149525;5.777777777777778;8.335555555555556;0.042222222222222223;1.12;1377780641.9333334;5.251111111111111;11.71544223361545;0.008888888888888889;7.544444444444445;0.042222222222222223;1.1555555555555557;1377789641.9333334;5.231111111111111;11.973224216037327;0.4222222222222222;7.766666666666666;0.04444444444444444;1.1733333333333331;5.0
1377717636.3666666;5.662222222222221;12.153227488199871;0.06222222222222222;7.435555555555555;0.02666666666666667;1.0488888888888892;1377726636.8333333;5.7866666666666635;13.239898257785374;5.891111111111111;7.893333333333334;0.02888888888888889;0.9444444444444448;1377735638.2;5.526666666666666;11.71321487426758;0.4622222222222222;7.639999999999999;0.02;0.691111111111111;1377744639.0666666;5.422222222222223;12.351012335883244;0.008888888888888889;7.408888888888888;0.03333333333333333;0.691111111111111;1377753639.6;5.455555555555557;11.873222351074219;0.024444444444444442;7.692857142857142;0.017777777777777778;0.7333333333333333;1377762640.2333333;5.564444444444442;12.126554701063371;0.008888888888888889;7.13777777777778;0.05111111111111111;1.057777777777778;1377771641.0;5.26888888888889;12.797673967149525;5.777777777777778;8.335555555555556;0.042222222222222223;1.12;1377780641.9333334;5.251111111111111;11.71544223361545;0.008888888888888889;7.544444444444445;0.042222222222222223;1.1555555555555557;1377789641.9333334;5.231111111111111;11.973224216037327;0.4222222222222222;7.766666666666666;0.04444444444444444;1.1733333333333331;1377798642.8333333;5.222222222222223;11.931011623806423;0.4488888888888889;7.700000000000001;0.08444444444444445;1.1977777777777778;5.0
1377726636.8333333;5.7866666666666635;13.239898257785374;5.891111111111111;7.893333333333334;0.02888888888888889;0.9444444444444448;1377735638.2;5.526666666666666;11.71321487426758;0.4622222222222222;7.639999999999999;0.02;0.691111111111111;1377744639.0666666;5.422222222222223;12.351012335883244;0.008888888888888889;7.408888888888888;0.03333333333333333;0.691111111111111;1377753639.6;5.455555555555557;11.873222351074219;0.024444444444444442;7.692857142857142;0.017777777777777778;0.7333333333333333;1377762640.2333333;5.564444444444442;12.126554701063371;0.008888888888888889;7.13777777777778;0.05111111111111111;1.057777777777778;1377771641.0;5.26888888888889;12.797673967149525;5.777777777777778;8.335555555555556;0.042222222222222223;1.12;1377780641.9333334;5.251111111111111;11.71544223361545;0.008888888888888889;7.544444444444445;0.042222222222222223;1.1555555555555557;1377789641.9333334;5.231111111111111;11.973224216037327;0.4222222222222222;7.766666666666666;0.04444444444444444;1.1733333333333331;1377798642.8333333;5.222222222222223;11.931011623806423;0.4488888888888889;7.700000000000001;0.08444444444444445;1.1977777777777778;1377807643.9;5.324444444444444;12.959900750054256;5.78;7.904444444444443;0.03333333333333333;1.0288888888888892;5.0
1377735638.2;5.526666666666666;11.71321487426758;0.4622222222222222;7.639999999999999;0.02;0.691111111111111;1377744639.0666666;5.422222222222223;12.351012335883244;0.008888888888888889;7.408888888888888;0.03333333333333333;0.691111111111111;1377753639.6;5.455555555555557;11.873222351074219;0.024444444444444442;7.692857142857142;0.017777777777777778;0.7333333333333333;1377762640.2333333;5.564444444444442;12.126554701063371;0.008888888888888889;7.13777777777778;0.05111111111111111;1.057777777777778;1377771641.0;5.26888888888889;12.797673967149525;5.777777777777778;8.335555555555556;0.042222222222222223;1.12;1377780641.9333334;5.251111111111111;11.71544223361545;0.008888888888888889;7.544444444444445;0.042222222222222223;1.1555555555555557;1377789641.9333334;5.231111111111111;11.973224216037327;0.4222222222222222;7.766666666666666;0.04444444444444444;1.1733333333333331;1377798642.8333333;5.222222222222223;11.931011623806423;0.4488888888888889;7.700000000000001;0.08444444444444445;1.1977777777777778;1377807643.9;5.324444444444444;12.959900750054256;5.78;7.904444444444443;0.03333333333333333;1.0288888888888892;1377816644.3666666;5.344444444444444;13.270999908447266;5.782222222222222;8.066666666666668;0.035555555555555556;0.9133333333333334;5.0
1377744639.0666666;5.422222222222223;12.351012335883244;0.008888888888888889;7.408888888888888;0.03333333333333333;0.691111111111111;1377753639.6;5.455555555555557;11.873222351074219;0.024444444444444442;7.692857142857142;0.017777777777777778;0.7333333333333333;1377762640.2333333;5.564444444444442;12.126554701063371;0.008888888888888889;7.13777777777778;0.05111111111111111;1.057777777777778;1377771641.0;5.26888888888889;12.797673967149525;5.777777777777778;8.335555555555556;0.042222222222222223;1.12;1377780641.9333334;5.251111111111111;11.71544223361545;0.008888888888888889;7.544444444444445;0.042222222222222223;1.1555555555555557;1377789641.9333334;5.231111111111111;11.973224216037327;0.4222222222222222;7.766666666666666;0.04444444444444444;1.1733333333333331;1377798642.8333333;5.222222222222223;11.931011623806423;0.4488888888888889;7.700000000000001;0.08444444444444445;1.1977777777777778;1377807643.9;5.324444444444444;12.959900750054256;5.78;7.904444444444443;0.03333333333333333;1.0288888888888892;1377816644.3666666;5.344444444444444;13.270999908447266;5.782222222222222;8.066666666666668;0.035555555555555556;0.9133333333333334;1377825644.6333334;5.248888888888888;11.757667117648653;0.0022222222222222222;7.426666666666668;0.02222222222222222;0.7288888888888888;5.0
1377753639.6;5.455555555555557;11.873222351074219;0.024444444444444442;7.692857142857142;0.017777777777777778;0.7333333333333333;1377762640.2333333;5.564444444444442;12.126554701063371;0.008888888888888889;7.13777777777778;0.05111111111111111;1.057777777777778;1377771641.0;5.26888888888889;12.797673967149525;5.777777777777778;8.335555555555556;0.042222222222222223;1.12;1377780641.9333334;5.251111111111111;11.71544223361545;0.008888888888888889;7.544444444444445;0.042222222222222223;1.1555555555555557;1377789641.9333334;5.231111111111111;11.973224216037327;0.4222222222222222;7.766666666666666;0.04444444444444444;1.1733333333333331;1377798642.8333333;5.222222222222223;11.931011623806423;0.4488888888888889;7.700000000000001;0.08444444444444445;1.1977777777777778;1377807643.9;5.324444444444444;12.959900750054256;5.78;7.904444444444443;0.03333333333333333;1.0288888888888892;1377816644.3666666;5.344444444444444;13.270999908447266;5.782222222222222;8.066666666666668;0.035555555555555556;0.9133333333333334;1377825644.6333334;5.248888888888888;11.757667117648653;0.0022222222222222222;7.426666666666668;0.02222222222222222;0.7288888888888888;1377834645.3666666;5.244444444444444;12.106559753417969;0.0022222222222222222;7.1054700854700865;0.05111111111111111;0.8177777777777776;5.0
1377762640.2333333;5.564444444444442;12.126554701063371;0.008888888888888889;7.13777777777778;0.05111111111111111;1.057777777777778;1377771641.0;5.26888888888889;12.797673967149525;5.777777777777778;8.335555555555556;0.042222222222222223;1.12;1377780641.9333334;5.251111111111111;11.71544223361545;0.008888888888888889;7.544444444444445;0.042222222222222223;1.1555555555555557;1377789641.9333334;5.231111111111111;11.973224216037327;0.4222222222222222;7.766666666666666;0.04444444444444444;1.1733333333333331;1377798642.8333333;5.222222222222223;11.931011623806423;0.4488888888888889;7.700000000000001;0.08444444444444445;1.1977777777777778;1377807643.9;5.324444444444444;12.959900750054256;5.78;7.904444444444443;0.03333333333333333;1.0288888888888892;1377816644.3666666;5.344444444444444;13.270999908447266;5.782222222222222;8.066666666666668;0.035555555555555556;0.9133333333333334;1377825644.6333334;5.248888888888888;11.757667117648653;0.0022222222222222222;7.426666666666668;0.02222222222222222;0.7288888888888888;1377834645.3666666;5.244444444444444;12.106559753417969;0.0022222222222222222;7.1054700854700865;0.05111111111111111;0.8177777777777776;1377843646.3666666;5.262222222222223;12.246556176079643;0.44222222222222224;8.062222222222221;0.02;0.8466666666666668;5.0
1377771641.0;5.26888888888889;12.797673967149525;5.777777777777778;8.335555555555556;0.042222222222222223;1.12;1377780641.9333334;5.251111111111111;11.71544223361545;0.008888888888888889;7.544444444444445;0.042222222222222223;1.1555555555555557;1377789641.9333334;5.231111111111111;11.973224216037327;0.4222222222222222;7.766666666666666;0.04444444444444444;1.1733333333333331;1377798642.8333333;5.222222222222223;11.931011623806423;0.4488888888888889;7.700000000000001;0.08444444444444445;1.1977777777777778;1377807643.9;5.324444444444444;12.959900750054256;5.78;7.904444444444443;0.03333333333333333;1.0288888888888892;1377816644.3666666;5.344444444444444;13.270999908447266;5.782222222222222;8.066666666666668;0.035555555555555556;0.9133333333333334;1377825644.6333334;5.248888888888888;11.757667117648653;0.0022222222222222222;7.426666666666668;0.02222222222222222;0.7288888888888888;1377834645.3666666;5.244444444444444;12.106559753417969;0.0022222222222222222;7.1054700854700865;0.05111111111111111;0.8177777777777776;1377843646.3666666;5.262222222222223;12.246556176079643;0.44222222222222224;8.062222222222221;0.02;0.8466666666666668;1377852646.6;5.571111111111112;11.662105136447481;0.0;7.3;0.048888888888888885;1.1577777777777778;5.0
1377780641.9333334;5.251111111111111;11.71544223361545;0.008888888888888889;7.544444444444445;0.042222222222222223;1.1555555555555557;1377789641.9333334;5.231111111111111;11.973224216037327;0.4222222222222222;7.766666666666666;0.04444444444444444;1.1733333333333331;1377798642.8333333;5.222222222222223;11.931011623806423;0.4488888888888889;7.700000000000001;0.08444444444444445;1.1977777777777778;1377807643.9;5.324444444444444;12.959900750054256;5.78;7.904444444444443;0.03333333333333333;1.0288888888888892;1377816644.3666666;5.344444444444444;13.270999908447266;5.782222222222222;8.066666666666668;0.035555555555555556;0.9133333333333334;1377825644.6333334;5.248888888888888;11.757667117648653;0.0022222222222222222;7.426666666666668;0.02222222222222222;0.7288888888888888;1377834645.3666666;5.244444444444444;12.106559753417969;0.0022222222222222222;7.1054700854700865;0.05111111111111111;0.8177777777777776;1377843646.3666666;5.262222222222223;12.246556176079643;0.44222222222222224;8.062222222222221;0.02;0.8466666666666668;1377852646.6;5.571111111111112;11.662105136447481;0.0;7.3;0.048888888888888885;1.1577777777777778;1377861647.4;5.782222222222221;12.32211515638563;0.0044444444444444444;7.413333333333332;0.04666666666666666;1.186666666666667;5.0
1377789641.9333334;5.231111111111111;11.973224216037327;0.4222222222222222;7.766666666666666;0.04444444444444444;1.1733333333333331;1377798642.8333333;5.222222222222223;11.931011623806423;0.4488888888888889;7.700000000000001;0.08444444444444445;1.1977777777777778;1377807643.9;5.324444444444444;12.959900750054256;5.78;7.904444444444443;0.03333333333333333;1.0288888888888892;1377816644.3666666;5.344444444444444;13.270999908447266;5.782222222222222;8.066666666666668;0.035555555555555556;0.9133333333333334;1377825644.6333334;5.248888888888888;11.757667117648653;0.0022222222222222222;7.426666666666668;0.02222222222222222;0.7288888888888888;1377834645.3666666;5.244444444444444;12.106559753417969;0.0022222222222222222;7.1054700854700865;0.05111111111111111;0.8177777777777776;1377843646.3666666;5.262222222222223;12.246556176079643;0.44222222222222224;8.062222222222221;0.02;0.8466666666666668;1377852646.6;5.571111111111112;11.662105136447481;0.0;7.3;0.048888888888888885;1.1577777777777778;1377861647.4;5.782222222222221;12.32211515638563;0.0044444444444444444;7.413333333333332;0.04666666666666666;1.186666666666667;1377870648.3333333;5.562222222222222;13.59545305040148;6.004444444444445;8.357777777777779;0.07555555555555556;1.268888888888889;5.0
1377798642.8333333;5.222222222222223;11.931011623806423;0.4488888888888889;7.700000000000001;0.08444444444444445;1.1977777777777778;1377807643.9;5.324444444444444;12.959900750054256;5.78;7.904444444444443;0.03333333333333333;1.0288888888888892;1377816644.3666666;5.344444444444444;13.270999908447266;5.782222222222222;8.066666666666668;0.035555555555555556;0.9133333333333334;1377825644.6333334;5.248888888888888;11.757667117648653;0.0022222222222222222;7.426666666666668;0.02222222222222222;0.7288888888888888;1377834645.3666666;5.244444444444444;12.106559753417969;0.0022222222222222222;7.1054700854700865;0.05111111111111111;0.8177777777777776;1377843646.3666666;5.262222222222223;12.246556176079643;0.44222222222222224;8.062222222222221;0.02;0.8466666666666668;1377852646.6;5.571111111111112;11.662105136447481;0.0;7.3;0.048888888888888885;1.1577777777777778;1377861647.4;5.782222222222221;12.32211515638563;0.0044444444444444444;7.413333333333332;0.04666666666666666;1.186666666666667;1377870648.3333333;5.562222222222222;13.59545305040148;6.004444444444445;8.357777777777779;0.07555555555555556;1.268888888888889;1377879649.3666666;5.402222222222221;11.937662760416666;0.02888888888888889;7.120000000000001;0.05333333333333333;1.2666666666666666;5.0
1377807643.9;5.324444444444444;12.959900750054256;5.78;7.904444444444443;0.03333333333333333;1.0288888888888892;1377816644.3666666;5.344444444444444;13.270999908447266;5.782222222222222;8.066666666666668;0.035555555555555556;0.9133333333333334;1377825644.6333334;5.248888888888888;11.757667117648653;0.0022222222222222222;7.426666666666668;0.02222222222222222;0.7288888888888888;1377834645.3666666;5.244444444444444;12.106559753417969;0.0022222222222222222;7.1054700854700865;0.05111111111111111;0.8177777777777776;1377843646.3666666;5.262222222222223;12.246556176079643;0.44222222222222224;8.062222222222221;0.02;0.8466666666666668;1377852646.6;5.571111111111112;11.662105136447481;0.0;7.3;0.048888888888888885;1.1577777777777778;1377861647.4;5.782222222222221;12.32211515638563;0.0044444444444444444;7.413333333333332;0.04666666666666666;1.186666666666667;1377870648.3333333;5.562222222222222;13.59545305040148;6.004444444444445;8.357777777777779;0.07555555555555556;1.268888888888889;1377879649.3666666;5.402222222222221;11.937662760416666;0.02888888888888889;7.120000000000001;0.05333333333333333;1.2666666666666666;1377888649.7666667;5.407142857142857;11.838143878512911;0.0044444444444444444;7.7503174603174605;0.09349206349206349;1.164920634920635;5.0
1377816644.3666666;5.344444444444444;13.270999908447266;5.782222222222222;8.066666666666668;0.035555555555555556;0.9133333333333334;1377825644.6333334;5.248888888888888;11.757667117648653;0.0022222222222222222;7.426666666666668;0.02222222222222222;0.7288888888888888;1377834645.3666666;5.244444444444444;12.106559753417969;0.0022222222222222222;7.1054700854700865;0.05111111111111111;0.8177777777777776;1377843646.3666666;5.262222222222223;12.246556176079643;0.44222222222222224;8.062222222222221;0.02;0.8466666666666668;1377852646.6;5.571111111111112;11.662105136447481;0.0;7.3;0.048888888888888885;1.1577777777777778;1377861647.4;5.782222222222221;12.32211515638563;0.0044444444444444444;7.413333333333332;0.04666666666666666;1.186666666666667;1377870648.3333333;5.562222222222222;13.59545305040148;6.004444444444445;8.357777777777779;0.07555555555555556;1.268888888888889;1377879649.3666666;5.402222222222221;11.937662760416666;0.02888888888888889;7.120000000000001;0.05333333333333333;1.2666666666666666;1377888649.7666667;5.407142857142857;11.838143878512911;0.0044444444444444444;7.7503174603174605;0.09349206349206349;1.164920634920635;1377897650.6;5.286666666666667;13.257679833306208;5.804444444444444;7.633333333333332;0.022222222222222223;0.9516666666666672;5.0
1377825644.6333334;5.248888888888888;11.757667117648653;0.0022222222222222222;7.426666666666668;0.02222222222222222;0.7288888888888888;1377834645.3666666;5.244444444444444;12.106559753417969;0.0022222222222222222;7.1054700854700865;0.05111111111111111;0.8177777777777776;1377843646.3666666;5.262222222222223;12.246556176079643;0.44222222222222224;8.062222222222221;0.02;0.8466666666666668;1377852646.6;5.571111111111112;11.662105136447481;0.0;7.3;0.048888888888888885;1.1577777777777778;1377861647.4;5.782222222222221;12.32211515638563;0.0044444444444444444;7.413333333333332;0.04666666666666666;1.186666666666667;1377870648.3333333;5.562222222222222;13.59545305040148;6.004444444444445;8.357777777777779;0.07555555555555556;1.268888888888889;1377879649.3666666;5.402222222222221;11.937662760416666;0.02888888888888889;7.120000000000001;0.05333333333333333;1.2666666666666666;1377888649.7666667;5.407142857142857;11.838143878512911;0.0044444444444444444;7.7503174603174605;0.09349206349206349;1.164920634920635;1377897650.6;5.286666666666667;13.257679833306208;5.804444444444444;7.633333333333332;0.022222222222222223;0.9516666666666672;1377906651.8666666;5.224444444444445;11.699882507324219;0.43555555555555553;7.600000000000002;0.02666666666666667;0.8222222222222224;5.0
1377834645.3666666;5.244444444444444;12.106559753417969;0.0022222222222222222;7.1054700854700865;0.05111111111111111;0.8177777777777776;1377843646.3666666;5.262222222222223;12.246556176079643;0.44222222222222224;8.062222222222221;0.02;0.8466666666666668;1377852646.6;5.571111111111112;11.662105136447481;0.0;7.3;0.048888888888888885;1.1577777777777778;1377861647.4;5.782222222222221;12.32211515638563;0.0044444444444444444;7.413333333333332;0.04666666666666666;1.186666666666667;1377870648.3333333;5.562222222222222;13.59545305040148;6.004444444444445;8.357777777777779;0.07555555555555556;1.268888888888889;1377879649.3666666;5.402222222222221;11.937662760416666;0.02888888888888889;7.120000000000001;0.05333333333333333;1.2666666666666666;1377888649.7666667;5.407142857142857;11.838143878512911;0.0044444444444444444;7.7503174603174605;0.09349206349206349;1.164920634920635;1377897650.6;5.286666666666667;13.257679833306208;5.804444444444444;7.633333333333332;0.022222222222222223;0.9516666666666672;1377906651.8666666;5.224444444444445;11.699882507324219;0.43555555555555553;7.600000000000002;0.02666666666666667;0.8222222222222224;1377915652.2333333;5.28888888888889;13.284331851535375;6.544444444444445;8.215555555555556;0.017777777777777778;0.711111111111111;5.0
1377843646.3666666;5.262222222222223;12.246556176079643;0.44222222222222224;8.062222222222221;0.02;0.8466666666666668;1377852646.6;5.571111111111112;11.662105136447481;0.0;7.3;0.048888888888888885;1.1577777777777778;1377861647.4;5.782222222222221;12.32211515638563;0.0044444444444444444;7.413333333333332;0.04666666666666666;1.186666666666667;1377870648.3333333;5.562222222222222;13.59545305040148;6.004444444444445;8.357777777777779;0.07555555555555556;1.268888888888889;1377879649.3666666;5.402222222222221;11.937662760416666;0.02888888888888889;7.120000000000001;0.05333333333333333;1.2666666666666666;1377888649.7666667;5.407142857142857;11.838143878512911;0.0044444444444444444;7.7503174603174605;0.09349206349206349;1.164920634920635;1377897650.6;5.286666666666667;13.257679833306208;5.804444444444444;7.633333333333332;0.022222222222222223;0.9516666666666672;1377906651.8666666;5.224444444444445;11.699882507324219;0.43555555555555553;7.600000000000002;0.02666666666666667;0.8222222222222224;1377915652.2333333;5.28888888888889;13.284331851535375;6.544444444444445;8.215555555555556;0.017777777777777778;0.711111111111111;1377924652.9333334;5.2444444444444445;12.277674357096354;0.46888888888888886;7.480317460317462;0.02888888888888889;0.7155555555555557;5.0
1377852646.6;5.571111111111112;11.662105136447481;0.0;7.3;0.048888888888888885;1.1577777777777778;1377861647.4;5.782222222222221;12.32211515638563;0.0044444444444444444;7.413333333333332;0.04666666666666666;1.186666666666667;1377870648.3333333;5.562222222222222;13.59545305040148;6.004444444444445;8.357777777777779;0.07555555555555556;1.268888888888889;1377879649.3666666;5.402222222222221;11.937662760416666;0.02888888888888889;7.120000000000001;0.05333333333333333;1.2666666666666666;1377888649.7666667;5.407142857142857;11.838143878512911;0.0044444444444444444;7.7503174603174605;0.09349206349206349;1.164920634920635;1377897650.6;5.286666666666667;13.257679833306208;5.804444444444444;7.633333333333332;0.022222222222222223;0.9516666666666672;1377906651.8666666;5.224444444444445;11.699882507324219;0.43555555555555553;7.600000000000002;0.02666666666666667;0.8222222222222224;1377915652.2333333;5.28888888888889;13.284331851535375;6.544444444444445;8.215555555555556;0.017777777777777778;0.711111111111111;1377924652.9333334;5.2444444444444445;12.277674357096354;0.46888888888888886;7.480317460317462;0.02888888888888889;0.7155555555555557;1377933653.9666667;5.2711111111111135;11.784329308403866;0.04444444444444444;7.700000000000001;0.017777777777777778;0.7822222222222222;5.0
1377861647.4;5.782222222222221;12.32211515638563;0.0044444444444444444;7.413333333333332;0.04666666666666666;1.186666666666667;1377870648.3333333;5.562222222222222;13.59545305040148;6.004444444444445;8.357777777777779;0.07555555555555556;1.268888888888889;1377879649.3666666;5.402222222222221;11.937662760416666;0.02888888888888889;7.120000000000001;0.05333333333333333;1.2666666666666666;1377888649.7666667;5.407142857142857;11.838143878512911;0.0044444444444444444;7.7503174603174605;0.09349206349206349;1.164920634920635;1377897650.6;5.286666666666667;13.257679833306208;5.804444444444444;7.633333333333332;0.022222222222222223;0.9516666666666672;1377906651.8666666;5.224444444444445;11.699882507324219;0.43555555555555553;7.600000000000002;0.02666666666666667;0.8222222222222224;1377915652.2333333;5.28888888888889;13.284331851535375;6.544444444444445;8.215555555555556;0.017777777777777778;0.711111111111111;1377924652.9333334;5.2444444444444445;12.277674357096354;0.46888888888888886;7.480317460317462;0.02888888888888889;0.7155555555555557;1377933653.9666667;5.2711111111111135;11.784329308403866;0.04444444444444444;7.700000000000001;0.017777777777777778;0.7822222222222222;1377942655.0;5.700555555555556;11.866554260253908;0.0044444444444444444;7.088888888888889;0.03111111111111111;0.988888888888889;5.0
1377870648.3333333;5.562222222222222;13.59545305040148;6.004444444444445;8.357777777777779;0.07555555555555556;1.268888888888889;1377879649.3666666;5.402222222222221;11.937662760416666;0.02888888888888889;7.120000000000001;0.05333333333333333;1.2666666666666666;1377888649.7666667;5.407142857142857;11.838143878512911;0.0044444444444444444;7.7503174603174605;0.09349206349206349;1.164920634920635;1377897650.6;5.286666666666667;13.257679833306208;5.804444444444444;7.633333333333332;0.022222222222222223;0.9516666666666672;1377906651.8666666;5.224444444444445;11.699882507324219;0.43555555555555553;7.600000000000002;0.02666666666666667;0.8222222222222224;1377915652.2333333;5.28888888888889;13.284331851535375;6.544444444444445;8.215555555555556;0.017777777777777778;0.711111111111111;1377924652.9333334;5.2444444444444445;12.277674357096354;0.46888888888888886;7.480317460317462;0.02888888888888889;0.7155555555555557;1377933653.9666667;5.2711111111111135;11.784329308403866;0.04444444444444444;7.700000000000001;0.017777777777777778;0.7822222222222222;1377942655.0;5.700555555555556;11.866554260253908;0.0044444444444444444;7.088888888888889;0.03111111111111111;0.988888888888889;1377951655.5;5.911111111111112;11.495443556043837;0.02666666666666667;7.3355555555555565;0.022222222222222223;0.9533333333333334;5.0
1377879649.3666666;5.402222222222221;11.937662760416666;0.02888888888888889;7.120000000000001;0.05333333333333333;1.2666666666666666;1377888649.7666667;5.407142857142857;11.838143878512911;0.0044444444444444444;7.7503174603174605;0.09349206349206349;1.164920634920635;1377897650.6;5.286666666666667;13.257679833306208;5.804444444444444;7.633333333333332;0.022222222222222223;0.9516666666666672;1377906651.8666666;5.224444444444445;11.699882507324219;0.43555555555555553;7.600000000000002;0.02666666666666667;0.8222222222222224;1377915652.2333333;5.28888888888889;13.284331851535375;6.544444444444445;8.215555555555556;0.017777777777777778;0.711111111111111;1377924652.9333334;5.2444444444444445;12.277674357096354;0.46888888888888886;7.480317460317462;0.02888888888888889;0.7155555555555557;1377933653.9666667;5.2711111111111135;11.784329308403866;0.04444444444444444;7.700000000000001;0.017777777777777778;0.7822222222222222;1377942655.0;5.700555555555556;11.866554260253908;0.0044444444444444444;7.088888888888889;0.03111111111111111;0.988888888888889;1377951655.5;5.911111111111112;11.495443556043837;0.02666666666666667;7.3355555555555565;0.022222222222222223;0.9533333333333334;1377960656.3333333;5.8711111111111105;11.72211244371202;0.41777777777777775;7.455555555555557;0.03333333333333333;0.9688888888888891;5.0
1377888649.7666667;5.407142857142857;11.838143878512911;0.0044444444444444444;7.7503174603174605;0.09349206349206349;1.164920634920635;1377897650.6;5.286666666666667;13.257679833306208;5.804444444444444;7.633333333333332;0.022222222222222223;0.9516666666666672;1377906651.8666666;5.224444444444445;11.699882507324219;0.43555555555555553;7.600000000000002;0.02666666666666667;0.8222222222222224;1377915652.2333333;5.28888888888889;13.284331851535375;6.544444444444445;8.215555555555556;0.017777777777777778;0.711111111111111;1377924652.9333334;5.2444444444444445;12.277674357096354;0.46888888888888886;7.480317460317462;0.02888888888888889;0.7155555555555557;1377933653.9666667;5.2711111111111135;11.784329308403866;0.04444444444444444;7.700000000000001;0.017777777777777778;0.7822222222222222;1377942655.0;5.700555555555556;11.866554260253908;0.0044444444444444444;7.088888888888889;0.03111111111111111;0.988888888888889;1377951655.5;5.911111111111112;11.495443556043837;0.02666666666666667;7.3355555555555565;0.022222222222222223;0.9533333333333334;1377960656.3333333;5.8711111111111105;11.72211244371202;0.41777777777777775;7.455555555555557;0.03333333333333333;0.9688888888888891;1377969657.0333333;5.755555555555554;11.697667439778648;0.0044444444444444444;7.400000000000001;0.017777777777777778;0.9311111111111114;5.0
1377897650.6;5.286666666666667;13.257679833306208;5.804444444444444;7.633333333333332;0.022222222222222223;0.9516666666666672;1377906651.8666666;5.224444444444445;11.699882507324219;0.43555555555555553;7.600000000000002;0.02666666666666667;0.8222222222222224;1377915652.2333333;5.28888888888889;13.284331851535375;6.544444444444445;8.215555555555556;0.017777777777777778;0.711111111111111;1377924652.9333334;5.2444444444444445;12.277674357096354;0.46888888888888886;7.480317460317462;0.02888888888888889;0.7155555555555557;1377933653.9666667;5.2711111111111135;11.784329308403866;0.04444444444444444;7.700000000000001;0.017777777777777778;0.7822222222222222;1377942655.0;5.700555555555556;11.866554260253908;0.0044444444444444444;7.088888888888889;0.03111111111111111;0.988888888888889;1377951655.5;5.911111111111112;11.495443556043837;0.02666666666666667;7.3355555555555565;0.022222222222222223;0.9533333333333334;1377960656.3333333;5.8711111111111105;11.72211244371202;0.41777777777777775;7.455555555555557;0.03333333333333333;0.9688888888888891;1377969657.0333333;5.755555555555554;11.697667439778648;0.0044444444444444444;7.400000000000001;0.017777777777777778;0.9311111111111114;1377978658.0;5.3355555555555565;13.991002824571394;12.357777777777777;9.31777777777778;0.048888888888888885;1.1266666666666665;5.0
1377906651.8666666;5.224444444444445;11.699882507324219;0.43555555555555553;7.600000000000002;0.02666666666666667;0.8222222222222224;1377915652.2333333;5.28888888888889;13.284331851535375;6.544444444444445;8.215555555555556;0.017777777777777778;0.711111111111111;1377924652.9333334;5.2444444444444445;12.277674357096354;0.46888888888888886;7.480317460317462;0.02888888888888889;0.7155555555555557;1377933653.9666667;5.2711111111111135;11.784329308403866;0.04444444444444444;7.700000000000001;0.017777777777777778;0.7822222222222222;1377942655.0;5.700555555555556;11.866554260253908;0.0044444444444444444;7.088888888888889;0.03111111111111111;0.988888888888889;1377951655.5;5.911111111111112;11.495443556043837;0.02666666666666667;7.3355555555555565;0.022222222222222223;0.9533333333333334;1377960656.3333333;5.8711111111111105;11.72211244371202;0.41777777777777775;7.455555555555557;0.03333333333333333;0.9688888888888891;1377969657.0333333;5.755555555555554;11.697667439778648;0.0044444444444444444;7.400000000000001;0.017777777777777778;0.9311111111111114;1377978658.0;5.3355555555555565;13.991002824571394;12.357777777777777;9.31777777777778;0.048888888888888885;1.1266666666666665;1377987658.3333333;5.242222222222222;11.982107798258463;5.984444444444445;13.602222222222222;0.062222222222222213;0.9933333333333335;5.0
1377915652.2333333;5.28888888888889;13.284331851535375;6.544444444444445;8.215555555555556;0.017777777777777778;0.711111111111111;1377924652.9333334;5.2444444444444445;12.277674357096354;0.46888888888888886;7.480317460317462;0.02888888888888889;0.7155555555555557;1377933653.9666667;5.2711111111111135;11.784329308403866;0.04444444444444444;7.700000000000001;0.017777777777777778;0.7822222222222222;1377942655.0;5.700555555555556;11.866554260253908;0.0044444444444444444;7.088888888888889;0.03111111111111111;0.988888888888889;1377951655.5;5.911111111111112;11.495443556043837;0.02666666666666667;7.3355555555555565;0.022222222222222223;0.9533333333333334;1377960656.3333333;5.8711111111111105;11.72211244371202;0.41777777777777775;7.455555555555557;0.03333333333333333;0.9688888888888891;1377969657.0333333;5.755555555555554;11.697667439778648;0.0044444444444444444;7.400000000000001;0.017777777777777778;0.9311111111111114;1377978658.0;5.3355555555555565;13.991002824571394;12.357777777777777;9.31777777777778;0.048888888888888885;1.1266666666666665;1377987658.3333333;5.242222222222222;11.982107798258463;5.984444444444445;13.602222222222222;0.062222222222222213;0.9933333333333335;1377996659.3333333;5.222222222222222;11.862111409505207;0.07777777777777779;7.28;0.035555555555555556;0.7000000000000001;5.0
1377924652.9333334;5.2444444444444445;12.277674357096354;0.46888888888888886;7.480317460317462;0.02888888888888889;0.7155555555555557;1377933653.9666667;5.2711111111111135;11.784329308403866;0.04444444444444444;7.700000000000001;0.017777777777777778;0.7822222222222222;1377942655.0;5.700555555555556;11.866554260253908;0.0044444444444444444;7.088888888888889;0.03111111111111111;0.988888888888889;1377951655.5;5.911111111111112;11.495443556043837;0.02666666666666667;7.3355555555555565;0.022222222222222223;0.9533333333333334;1377960656.3333333;5.8711111111111105;11.72211244371202;0.41777777777777775;7.455555555555557;0.03333333333333333;0.9688888888888891;1377969657.0333333;5.755555555555554;11.697667439778648;0.0044444444444444444;7.400000000000001;0.017777777777777778;0.9311111111111114;1377978658.0;5.3355555555555565;13.991002824571394;12.357777777777777;9.31777777777778;0.048888888888888885;1.1266666666666665;1377987658.3333333;5.242222222222222;11.982107798258463;5.984444444444445;13.602222222222222;0.062222222222222213;0.9933333333333335;1377996659.3333333;5.222222222222222;11.862111409505207;0.07777777777777779;7.28;0.035555555555555556;0.7000000000000001;1378005660.4;5.908888888888888;13.491005367702908;1.4466666666666665;27.613809523809525;5.000000000000001;1.7083333333333333;5.0
1377933653.9666667;5.2711111111111135;11.784329308403866;0.04444444444444444;7.700000000000001;0.017777777777777778;0.7822222222222222;1377942655.0;5.700555555555556;11.866554260253908;0.0044444444444444444;7.088888888888889;0.03111111111111111;0.988888888888889;1377951655.5;5.911111111111112;11.495443556043837;0.02666666666666667;7.3355555555555565;0.022222222222222223;0.9533333333333334;1377960656.3333333;5.8711111111111105;11.72211244371202;0.41777777777777775;7.455555555555557;0.03333333333333333;0.9688888888888891;1377969657.0333333;5.755555555555554;11.697667439778648;0.0044444444444444444;7.400000000000001;0.017777777777777778;0.9311111111111114;1377978658.0;5.3355555555555565;13.991002824571394;12.357777777777777;9.31777777777778;0.048888888888888885;1.1266666666666665;1377987658.3333333;5.242222222222222;11.982107798258463;5.984444444444445;13.602222222222222;0.062222222222222213;0.9933333333333335;1377996659.3333333;5.222222222222222;11.862111409505207;0.07777777777777779;7.28;0.035555555555555556;0.7000000000000001;1378005660.4;5.908888888888888;13.491005367702908;1.4466666666666665;27.613809523809525;5.000000000000001;1.7083333333333333;1378014661.0333333;5.924444444444444;11.937670813666454;0.02222222222222222;7.408571428571428;0.02666666666666667;0.7155555555555556;5.0
1377942655.0;5.700555555555556;11.866554260253908;0.0044444444444444444;7.088888888888889;0.03111111111111111;0.988888888888889;1377951655.5;5.911111111111112;11.495443556043837;0.02666666666666667;7.3355555555555565;0.022222222222222223;0.9533333333333334;1377960656.3333333;5.8711111111111105;11.72211244371202;0.41777777777777775;7.455555555555557;0.03333333333333333;0.9688888888888891;1377969657.0333333;5.755555555555554;11.697667439778648;0.0044444444444444444;7.400000000000001;0.017777777777777778;0.9311111111111114;1377978658.0;5.3355555555555565;13.991002824571394;12.357777777777777;9.31777777777778;0.048888888888888885;1.1266666666666665;1377987658.3333333;5.242222222222222;11.982107798258463;5.984444444444445;13.602222222222222;0.062222222222222213;0.9933333333333335;1377996659.3333333;5.222222222222222;11.862111409505207;0.07777777777777779;7.28;0.035555555555555556;0.7000000000000001;1378005660.4;5.908888888888888;13.491005367702908;1.4466666666666665;27.613809523809525;5.000000000000001;1.7083333333333333;1378014661.0333333;5.924444444444444;11.937670813666454;0.02222222222222222;7.408571428571428;0.02666666666666667;0.7155555555555556;1378023662.0666666;5.902222222222222;12.153224097357855;0.4222222222222222;8.055555555555554;0.026666666666666665;0.8266666666666667;5.0
1377951655.5;5.911111111111112;11.495443556043837;0.02666666666666667;7.3355555555555565;0.022222222222222223;0.9533333333333334;1377960656.3333333;5.8711111111111105;11.72211244371202;0.41777777777777775;7.455555555555557;0.03333333333333333;0.9688888888888891;1377969657.0333333;5.755555555555554;11.697667439778648;0.0044444444444444444;7.400000000000001;0.017777777777777778;0.9311111111111114;1377978658.0;5.3355555555555565;13.991002824571394;12.357777777777777;9.31777777777778;0.048888888888888885;1.1266666666666665;1377987658.3333333;5.242222222222222;11.982107798258463;5.984444444444445;13.602222222222222;0.062222222222222213;0.9933333333333335;1377996659.3333333;5.222222222222222;11.862111409505207;0.07777777777777779;7.28;0.035555555555555556;0.7000000000000001;1378005660.4;5.908888888888888;13.491005367702908;1.4466666666666665;27.613809523809525;5.000000000000001;1.7083333333333333;1378014661.0333333;5.924444444444444;11.937670813666454;0.02222222222222222;7.408571428571428;0.02666666666666667;0.7155555555555556;1378023662.0666666;5.902222222222222;12.153224097357855;0.4222222222222222;8.055555555555554;0.026666666666666665;0.8266666666666667;1378032663.2333333;5.995555555555554;13.115443759494356;6.557777777777777;8.328888888888887;0.04;1.0133333333333334;5.0
1377960656.3333333;5.8711111111111105;11.72211244371202;0.41777777777777775;7.455555555555557;0.03333333333333333;0.9688888888888891;1377969657.0333333;5.755555555555554;11.697667439778648;0.0044444444444444444;7.400000000000001;0.017777777777777778;0.9311111111111114;1377978658.0;5.3355555555555565;13.991002824571394;12.357777777777777;9.31777777777778;0.048888888888888885;1.1266666666666665;1377987658.3333333;5.242222222222222;11.982107798258463;5.984444444444445;13.602222222222222;0.062222222222222213;0.9933333333333335;1377996659.3333333;5.222222222222222;11.862111409505207;0.07777777777777779;7.28;0.035555555555555556;0.7000000000000001;1378005660.4;5.908888888888888;13.491005367702908;1.4466666666666665;27.613809523809525;5.000000000000001;1.7083333333333333;1378014661.0333333;5.924444444444444;11.937670813666454;0.02222222222222222;7.408571428571428;0.02666666666666667;0.7155555555555556;1378023662.0666666;5.902222222222222;12.153224097357855;0.4222222222222222;8.055555555555554;0.026666666666666665;0.8266666666666667;1378032663.2333333;5.995555555555554;13.115443759494356;6.557777777777777;8.328888888888887;0.04;1.0133333333333334;1378041664.4;6.028888888888889;11.955443912082249;0.0044444444444444444;7.48888888888889;0.035555555555555556;0.995555555555556;5.0
1377969657.0333333;5.755555555555554;11.697667439778648;0.0044444444444444444;7.400000000000001;0.017777777777777778;0.9311111111111114;1377978658.0;5.3355555555555565;13.991002824571394;12.357777777777777;9.31777777777778;0.048888888888888885;1.1266666666666665;1377987658.3333333;5.242222222222222;11.982107798258463;5.984444444444445;13.602222222222222;0.062222222222222213;0.9933333333333335;1377996659.3333333;5.222222222222222;11.862111409505207;0.07777777777777779;7.28;0.035555555555555556;0.7000000000000001;1378005660.4;5.908888888888888;13.491005367702908;1.4466666666666665;27.613809523809525;5.000000000000001;1.7083333333333333;1378014661.0333333;5.924444444444444;11.937670813666454;0.02222222222222222;7.408571428571428;0.02666666666666667;0.7155555555555556;1378023662.0666666;5.902222222222222;12.153224097357855;0.4222222222222222;8.055555555555554;0.026666666666666665;0.8266666666666667;1378032663.2333333;5.995555555555554;13.115443759494356;6.557777777777777;8.328888888888887;0.04;1.0133333333333334;1378041664.4;6.028888888888889;11.955443912082249;0.0044444444444444444;7.48888888888889;0.035555555555555556;0.995555555555556;1378050665.0;5.971111111111111;11.830994500054254;0.0;7.375555555555558;0.03333333333333333;0.8822222222222224;5.0
1377978658.0;5.3355555555555565;13.991002824571394;12.357777777777777;9.31777777777778;0.048888888888888885;1.1266666666666665;1377987658.3333333;5.242222222222222;11.982107798258463;5.984444444444445;13.602222222222222;0.062222222222222213;0.9933333333333335;1377996659.3333333;5.222222222222222;11.862111409505207;0.07777777777777779;7.28;0.035555555555555556;0.7000000000000001;1378005660.4;5.908888888888888;13.491005367702908;1.4466666666666665;27.613809523809525;5.000000000000001;1.7083333333333333;1378014661.0333333;5.924444444444444;11.937670813666454;0.02222222222222222;7.408571428571428;0.02666666666666667;0.7155555555555556;1378023662.0666666;5.902222222222222;12.153224097357855;0.4222222222222222;8.055555555555554;0.026666666666666665;0.8266666666666667;1378032663.2333333;5.995555555555554;13.115443759494356;6.557777777777777;8.328888888888887;0.04;1.0133333333333334;1378041664.4;6.028888888888889;11.955443912082249;0.0044444444444444444;7.48888888888889;0.035555555555555556;0.995555555555556;1378050665.0;5.971111111111111;11.830994500054254;0.0;7.375555555555558;0.03333333333333333;0.8822222222222224;1378059665.9666667;5.966666666666666;11.89766099717882;0.42888888888888893;7.4177777777777765;0.02;0.9333333333333336;5.0
1377987658.3333333;5.242222222222222;11.982107798258463;5.984444444444445;13.602222222222222;0.062222222222222213;0.9933333333333335;1377996659.3333333;5.222222222222222;11.862111409505207;0.07777777777777779;7.28;0.035555555555555556;0.7000000000000001;1378005660.4;5.908888888888888;13.491005367702908;1.4466666666666665;27.613809523809525;5.000000000000001;1.7083333333333333;1378014661.0333333;5.924444444444444;11.937670813666454;0.02222222222222222;7.408571428571428;0.02666666666666667;0.7155555555555556;1378023662.0666666;5.902222222222222;12.153224097357855;0.4222222222222222;8.055555555555554;0.026666666666666665;0.8266666666666667;1378032663.2333333;5.995555555555554;13.115443759494356;6.557777777777777;8.328888888888887;0.04;1.0133333333333334;1378041664.4;6.028888888888889;11.955443912082249;0.0044444444444444444;7.48888888888889;0.035555555555555556;0.995555555555556;1378050665.0;5.971111111111111;11.830994500054254;0.0;7.375555555555558;0.03333333333333333;0.8822222222222224;1378059665.9666667;5.966666666666666;11.89766099717882;0.42888888888888893;7.4177777777777765;0.02;0.9333333333333336;1378068667.1;5.995555555555555;13.206566704644098;5.8422222222222215;8.333333333333334;0.03333333333333333;0.9311111111111114;5.0
1377996659.3333333;5.222222222222222;11.862111409505207;0.07777777777777779;7.28;0.035555555555555556;0.7000000000000001;1378005660.4;5.908888888888888;13.491005367702908;1.4466666666666665;27.613809523809525;5.000000000000001;1.7083333333333333;1378014661.0333333;5.924444444444444;11.937670813666454;0.02222222222222222;7.408571428571428;0.02666666666666667;0.7155555555555556;1378023662.0666666;5.902222222222222;12.153224097357855;0.4222222222222222;8.055555555555554;0.026666666666666665;0.8266666666666667;1378032663.2333333;5.995555555555554;13.115443759494356;6.557777777777777;8.328888888888887;0.04;1.0133333333333334;1378041664.4;6.028888888888889;11.955443912082249;0.0044444444444444444;7.48888888888889;0.035555555555555556;0.995555555555556;1378050665.0;5.971111111111111;11.830994500054254;0.0;7.375555555555558;0.03333333333333333;0.8822222222222224;1378059665.9666667;5.966666666666666;11.89766099717882;0.42888888888888893;7.4177777777777765;0.02;0.9333333333333336;1378068667.1;5.995555555555555;13.206566704644098;5.8422222222222215;8.333333333333334;0.03333333333333333;0.9311111111111114;1378077668.0;5.908888888888888;11.575444963243275;0.5288888888888889;7.739999999999998;0.017777777777777778;0.7333333333333333;5.0
1378005660.4;5.908888888888888;13.491005367702908;1.4466666666666665;27.613809523809525;5.000000000000001;1.7083333333333333;1378014661.0333333;5.924444444444444;11.937670813666454;0.02222222222222222;7.408571428571428;0.02666666666666667;0.7155555555555556;1378023662.0666666;5.902222222222222;12.153224097357855;0.4222222222222222;8.055555555555554;0.026666666666666665;0.8266666666666667;1378032663.2333333;5.995555555555554;13.115443759494356;6.557777777777777;8.328888888888887;0.04;1.0133333333333334;1378041664.4;6.028888888888889;11.955443912082249;0.0044444444444444444;7.48888888888889;0.035555555555555556;0.995555555555556;1378050665.0;5.971111111111111;11.830994500054254;0.0;7.375555555555558;0.03333333333333333;0.8822222222222224;1378059665.9666667;5.966666666666666;11.89766099717882;0.42888888888888893;7.4177777777777765;0.02;0.9333333333333336;1378068667.1;5.995555555555555;13.206566704644098;5.8422222222222215;8.333333333333334;0.03333333333333333;0.9311111111111114;1378077668.0;5.908888888888888;11.575444963243275;0.5288888888888889;7.739999999999998;0.017777777777777778;0.7333333333333333;1378086668.3333333;5.88222222222222;13.491002400716146;6.553333333333333;8.413333333333332;0.02888888888888889;0.7555555555555552;5.0
1378014661.0333333;5.924444444444444;11.937670813666454;0.02222222222222222;7.408571428571428;0.02666666666666667;0.7155555555555556;1378023662.0666666;5.902222222222222;12.153224097357855;0.4222222222222222;8.055555555555554;0.026666666666666665;0.8266666666666667;1378032663.2333333;5.995555555555554;13.115443759494356;6.557777777777777;8.328888888888887;0.04;1.0133333333333334;1378041664.4;6.028888888888889;11.955443912082249;0.0044444444444444444;7.48888888888889;0.035555555555555556;0.995555555555556;1378050665.0;5.971111111111111;11.830994500054254;0.0;7.375555555555558;0.03333333333333333;0.8822222222222224;1378059665.9666667;5.966666666666666;11.89766099717882;0.42888888888888893;7.4177777777777765;0.02;0.9333333333333336;1378068667.1;5.995555555555555;13.206566704644098;5.8422222222222215;8.333333333333334;0.03333333333333333;0.9311111111111114;1378077668.0;5.908888888888888;11.575444963243275;0.5288888888888889;7.739999999999998;0.017777777777777778;0.7333333333333333;1378086668.3333333;5.88222222222222;13.491002400716146;6.553333333333333;8.413333333333332;0.02888888888888889;0.7555555555555552;1378095669.0;6.335555555555556;12.166557735866972;0.589047619047619;7.5936752136752155;0.017777777777777778;0.6733333333333336;5.0
1378023662.0666666;5.902222222222222;12.153224097357855;0.4222222222222222;8.055555555555554;0.026666666666666665;0.8266666666666667;1378032663.2333333;5.995555555555554;13.115443759494356;6.557777777777777;8.328888888888887;0.04;1.0133333333333334;1378041664.4;6.028888888888889;11.955443912082249;0.0044444444444444444;7.48888888888889;0.035555555555555556;0.995555555555556;1378050665.0;5.971111111111111;11.830994500054254;0.0;7.375555555555558;0.03333333333333333;0.8822222222222224;1378059665.9666667;5.966666666666666;11.89766099717882;0.42888888888888893;7.4177777777777765;0.02;0.9333333333333336;1378068667.1;5.995555555555555;13.206566704644098;5.8422222222222215;8.333333333333334;0.03333333333333333;0.9311111111111114;1378077668.0;5.908888888888888;11.575444963243275;0.5288888888888889;7.739999999999998;0.017777777777777778;0.7333333333333333;1378086668.3333333;5.88222222222222;13.491002400716146;6.553333333333333;8.413333333333332;0.02888888888888889;0.7555555555555552;1378095669.0;6.335555555555556;12.166557735866972;0.589047619047619;7.5936752136752155;0.017777777777777778;0.6733333333333336;1378104669.9666667;7.264444444444447;11.382106357150608;0.04;7.495555555555557;0.03111111111111111;0.8955555555555558;5.0
1378032663.2333333;5.995555555555554;13.115443759494356;6.557777777777777;8.328888888888887;0.04;1.0133333333333334;1378041664.4;6.028888888888889;11.955443912082249;0.0044444444444444444;7.48888888888889;0.035555555555555556;0.995555555555556;1378050665.0;5.971111111111111;11.830994500054254;0.0;7.375555555555558;0.03333333333333333;0.8822222222222224;1378059665.9666667;5.966666666666666;11.89766099717882;0.42888888888888893;7.4177777777777765;0.02;0.9333333333333336;1378068667.1;5.995555555555555;13.206566704644098;5.8422222222222215;8.333333333333334;0.03333333333333333;0.9311111111111114;1378077668.0;5.908888888888888;11.575444963243275;0.5288888888888889;7.739999999999998;0.017777777777777778;0.7333333333333333;1378086668.3333333;5.88222222222222;13.491002400716146;6.553333333333333;8.413333333333332;0.02888888888888889;0.7555555555555552;1378095669.0;6.335555555555556;12.166557735866972;0.589047619047619;7.5936752136752155;0.017777777777777778;0.6733333333333336;1378104669.9666667;7.264444444444447;11.382106357150608;0.04;7.495555555555557;0.03111111111111111;0.8955555555555558;1378113670.7333333;7.37777777777778;12.055438147650822;0.0;7.768888888888889;0.028888888888888888;0.9733333333333335;5.0
1378041664.4;6.028888888888889;11.955443912082249;0.0044444444444444444;7.48888888888889;0.035555555555555556;0.995555555555556;1378050665.0;5.971111111111111;11.830994500054254;0.0;7.375555555555558;0.03333333333333333;0.8822222222222224;1378059665.9666667;5.966666666666666;11.89766099717882;0.42888888888888893;7.4177777777777765;0.02;0.9333333333333336;1378068667.1;5.995555555555555;13.206566704644098;5.8422222222222215;8.333333333333334;0.03333333333333333;0.9311111111111114;1378077668.0;5.908888888888888;11.575444963243275;0.5288888888888889;7.739999999999998;0.017777777777777778;0.7333333333333333;1378086668.3333333;5.88222222222222;13.491002400716146;6.553333333333333;8.413333333333332;0.02888888888888889;0.7555555555555552;1378095669.0;6.335555555555556;12.166557735866972;0.589047619047619;7.5936752136752155;0.017777777777777778;0.6733333333333336;1378104669.9666667;7.264444444444447;11.382106357150608;0.04;7.495555555555557;0.03111111111111111;0.8955555555555558;1378113670.7333333;7.37777777777778;12.055438147650822;0.0;7.768888888888889;0.028888888888888888;0.9733333333333335;1378122671.6333334;7.382222222222225;12.093226962619358;0.0044444444444444444;7.228888888888889;0.057777777777777775;1.208888888888889;5.0
1378050665.0;5.971111111111111;11.830994500054254;0.0;7.375555555555558;0.03333333333333333;0.8822222222222224;1378059665.9666667;5.966666666666666;11.89766099717882;0.42888888888888893;7.4177777777777765;0.02;0.9333333333333336;1378068667.1;5.995555555555555;13.206566704644098;5.8422222222222215;8.333333333333334;0.03333333333333333;0.9311111111111114;1378077668.0;5.908888888888888;11.575444963243275;0.5288888888888889;7.739999999999998;0.017777777777777778;0.7333333333333333;1378086668.3333333;5.88222222222222;13.491002400716146;6.553333333333333;8.413333333333332;0.02888888888888889;0.7555555555555552;1378095669.0;6.335555555555556;12.166557735866972;0.589047619047619;7.5936752136752155;0.017777777777777778;0.6733333333333336;1378104669.9666667;7.264444444444447;11.382106357150608;0.04;7.495555555555557;0.03111111111111111;0.8955555555555558;1378113670.7333333;7.37777777777778;12.055438147650822;0.0;7.768888888888889;0.028888888888888888;0.9733333333333335;1378122671.6333334;7.382222222222225;12.093226962619358;0.0044444444444444444;7.228888888888889;0.057777777777777775;1.208888888888889;1378131672.3666666;7.495555555555557;13.828776041666664;6.613333333333333;8.54;0.08444444444444446;1.3199999999999998;5.0
1378059665.9666667;5.966666666666666;11.89766099717882;0.42888888888888893;7.4177777777777765;0.02;0.9333333333333336;1378068667.1;5.995555555555555;13.206566704644098;5.8422222222222215;8.333333333333334;0.03333333333333333;0.9311111111111114;1378077668.0;5.908888888888888;11.575444963243275;0.5288888888888889;7.739999999999998;0.017777777777777778;0.7333333333333333;1378086668.3333333;5.88222222222222;13.491002400716146;6.553333333333333;8.413333333333332;0.02888888888888889;0.7555555555555552;1378095669.0;6.335555555555556;12.166557735866972;0.589047619047619;7.5936752136752155;0.017777777777777778;0.6733333333333336;1378104669.9666667;7.264444444444447;11.382106357150608;0.04;7.495555555555557;0.03111111111111111;0.8955555555555558;1378113670.7333333;7.37777777777778;12.055438147650822;0.0;7.768888888888889;0.028888888888888888;0.9733333333333335;1378122671.6333334;7.382222222222225;12.093226962619358;0.0044444444444444444;7.228888888888889;0.057777777777777775;1.208888888888889;1378131672.3666666;7.495555555555557;13.828776041666664;6.613333333333333;8.54;0.08444444444444446;1.3199999999999998;1378140673.5;5.813015873015873;11.530839102608814;0.44;7.682735042735044;0.08290598290598289;1.2454700854700853;5.0
1378068667.1;5.995555555555555;13.206566704644098;5.8422222222222215;8.333333333333334;0.03333333333333333;0.9311111111111114;1378077668.0;5.908888888888888;11.575444963243275;0.5288888888888889;7.739999999999998;0.017777777777777778;0.7333333333333333;1378086668.3333333;5.88222222222222;13.491002400716146;6.553333333333333;8.413333333333332;0.02888888888888889;0.7555555555555552;1378095669.0;6.335555555555556;12.166557735866972;0.589047619047619;7.5936752136752155;0.017777777777777778;0.6733333333333336;1378104669.9666667;7.264444444444447;11.382106357150608;0.04;7.495555555555557;0.03111111111111111;0.8955555555555558;1378113670.7333333;7.37777777777778;12.055438147650822;0.0;7.768888888888889;0.028888888888888888;0.9733333333333335;1378122671.6333334;7.382222222222225;12.093226962619358;0.0044444444444444444;7.228888888888889;0.057777777777777775;1.208888888888889;1378131672.3666666;7.495555555555557;13.828776041666664;6.613333333333333;8.54;0.08444444444444446;1.3199999999999998;1378140673.5;5.813015873015873;11.530839102608814;0.44;7.682735042735044;0.08290598290598289;1.2454700854700853;1378149674.2;5.235555555555555;12.197667015923395;0.0044444444444444444;7.524444444444443;0.024444444444444442;0.9711111111111114;5.0
1378077668.0;5.908888888888888;11.575444963243275;0.5288888888888889;7.739999999999998;0.017777777777777778;0.7333333333333333;1378086668.3333333;5.88222222222222;13.491002400716146;6.553333333333333;8.413333333333332;0.02888888888888889;0.7555555555555552;1378095669.0;6.335555555555556;12.166557735866972;0.589047619047619;7.5936752136752155;0.017777777777777778;0.6733333333333336;1378104669.9666667;7.264444444444447;11.382106357150608;0.04;7.495555555555557;0.03111111111111111;0.8955555555555558;1378113670.7333333;7.37777777777778;12.055438147650822;0.0;7.768888888888889;0.028888888888888888;0.9733333333333335;1378122671.6333334;7.382222222222225;12.093226962619358;0.0044444444444444444;7.228888888888889;0.057777777777777775;1.208888888888889;1378131672.3666666;7.495555555555557;13.828776041666664;6.613333333333333;8.54;0.08444444444444446;1.3199999999999998;1378140673.5;5.813015873015873;11.530839102608814;0.44;7.682735042735044;0.08290598290598289;1.2454700854700853;1378149674.2;5.235555555555555;12.197667015923395;0.0044444444444444444;7.524444444444443;0.024444444444444442;0.9711111111111114;1378158675.0;5.2622222222222215;12.888781653510199;5.891111111111111;8.302222222222223;0.02666666666666667;0.9355555555555559;5.0
1378086668.3333333;5.88222222222222;13.491002400716146;6.553333333333333;8.413333333333332;0.02888888888888889;0.7555555555555552;1378095669.0;6.335555555555556;12.166557735866972;0.589047619047619;7.5936752136752155;0.017777777777777778;0.6733333333333336;1378104669.9666667;7.264444444444447;11.382106357150608;0.04;7.495555555555557;0.03111111111111111;0.8955555555555558;1378113670.7333333;7.37777777777778;12.055438147650822;0.0;7.768888888888889;0.028888888888888888;0.9733333333333335;1378122671.6333334;7.382222222222225;12.093226962619358;0.0044444444444444444;7.228888888888889;0.057777777777777775;1.208888888888889;1378131672.3666666;7.495555555555557;13.828776041666664;6.613333333333333;8.54;0.08444444444444446;1.3199999999999998;1378140673.5;5.813015873015873;11.530839102608814;0.44;7.682735042735044;0.08290598290598289;1.2454700854700853;1378149674.2;5.235555555555555;12.197667015923395;0.0044444444444444444;7.524444444444443;0.024444444444444442;0.9711111111111114;1378158675.0;5.2622222222222215;12.888781653510199;5.891111111111111;8.302222222222223;0.02666666666666667;0.9355555555555559;1378167676.2333333;5.257777777777778;11.946567111545136;0.024444444444444442;7.5022222222222235;0.02;0.7666666666666665;5.0
1378095669.0;6.335555555555556;12.166557735866972;0.589047619047619;7.5936752136752155;0.017777777777777778;0.6733333333333336;1378104669.9666667;7.264444444444447;11.382106357150608;0.04;7.495555555555557;0.03111111111111111;0.8955555555555558;1378113670.7333333;7.37777777777778;12.055438147650822;0.0;7.768888888888889;0.028888888888888888;0.9733333333333335;1378122671.6333334;7.382222222222225;12.093226962619358;0.0044444444444444444;7.228888888888889;0.057777777777777775;1.208888888888889;1378131672.3666666;7.495555555555557;13.828776041666664;6.613333333333333;8.54;0.08444444444444446;1.3199999999999998;1378140673.5;5.813015873015873;11.530839102608814;0.44;7.682735042735044;0.08290598290598289;1.2454700854700853;1378149674.2;5.235555555555555;12.197667015923395;0.0044444444444444444;7.524444444444443;0.024444444444444442;0.9711111111111114;1378158675.0;5.2622222222222215;12.888781653510199;5.891111111111111;8.302222222222223;0.02666666666666667;0.9355555555555559;1378167676.2333333;5.257777777777778;11.946567111545136;0.024444444444444442;7.5022222222222235;0.02;0.7666666666666665;1378176677.1666667;5.2444444444444445;11.875440809461805;0.0022222222222222222;7.1066666666666665;0.03111111111111111;0.7644444444444443;5.0
1378104669.9666667;7.264444444444447;11.382106357150608;0.04;7.495555555555557;0.03111111111111111;0.8955555555555558;1378113670.7333333;7.37777777777778;12.055438147650822;0.0;7.768888888888889;0.028888888888888888;0.9733333333333335;1378122671.6333334;7.382222222222225;12.093226962619358;0.0044444444444444444;7.228888888888889;0.057777777777777775;1.208888888888889;1378131672.3666666;7.495555555555557;13.828776041666664;6.613333333333333;8.54;0.08444444444444446;1.3199999999999998;1378140673.5;5.813015873015873;11.530839102608814;0.44;7.682735042735044;0.08290598290598289;1.2454700854700853;1378149674.2;5.235555555555555;12.197667015923395;0.0044444444444444444;7.524444444444443;0.024444444444444442;0.9711111111111114;1378158675.0;5.2622222222222215;12.888781653510199;5.891111111111111;8.302222222222223;0.02666666666666667;0.9355555555555559;1378167676.2333333;5.257777777777778;11.946567111545136;0.024444444444444442;7.5022222222222235;0.02;0.7666666666666665;1378176677.1666667;5.2444444444444445;11.875440809461805;0.0022222222222222222;7.1066666666666665;0.03111111111111111;0.7644444444444443;1378185678.2;5.382222222222223;13.668788486056858;6.815555555555554;8.363968253968256;0.02;0.7333333333333333;5.0
1378113670.7333333;7.37777777777778;12.055438147650822;0.0;7.768888888888889;0.028888888888888888;0.9733333333333335;1378122671.6333334;7.382222222222225;12.093226962619358;0.0044444444444444444;7.228888888888889;0.057777777777777775;1.208888888888889;1378131672.3666666;7.495555555555557;13.828776041666664;6.613333333333333;8.54;0.08444444444444446;1.3199999999999998;1378140673.5;5.813015873015873;11.530839102608814;0.44;7.682735042735044;0.08290598290598289;1.2454700854700853;1378149674.2;5.235555555555555;12.197667015923395;0.0044444444444444444;7.524444444444443;0.024444444444444442;0.9711111111111114;1378158675.0;5.2622222222222215;12.888781653510199;5.891111111111111;8.302222222222223;0.02666666666666667;0.9355555555555559;1378167676.2333333;5.257777777777778;11.946567111545136;0.024444444444444442;7.5022222222222235;0.02;0.7666666666666665;1378176677.1666667;5.2444444444444445;11.875440809461805;0.0022222222222222222;7.1066666666666665;0.03111111111111111;0.7644444444444443;1378185678.2;5.382222222222223;13.668788486056858;6.815555555555554;8.363968253968256;0.02;0.7333333333333333;1378194679.0666666;5.417777777777777;11.328777313232422;1.4866666666666668;8.291111111111112;0.02888888888888889;0.9866666666666668;5.0
1378122671.6333334;7.382222222222225;12.093226962619358;0.0044444444444444444;7.228888888888889;0.057777777777777775;1.208888888888889;1378131672.3666666;7.495555555555557;13.828776041666664;6.613333333333333;8.54;0.08444444444444446;1.3199999999999998;1378140673.5;5.813015873015873;11.530839102608814;0.44;7.682735042735044;0.08290598290598289;1.2454700854700853;1378149674.2;5.235555555555555;12.197667015923395;0.0044444444444444444;7.524444444444443;0.024444444444444442;0.9711111111111114;1378158675.0;5.2622222222222215;12.888781653510199;5.891111111111111;8.302222222222223;0.02666666666666667;0.9355555555555559;1378167676.2333333;5.257777777777778;11.946567111545136;0.024444444444444442;7.5022222222222235;0.02;0.7666666666666665;1378176677.1666667;5.2444444444444445;11.875440809461805;0.0022222222222222222;7.1066666666666665;0.03111111111111111;0.7644444444444443;1378185678.2;5.382222222222223;13.668788486056858;6.815555555555554;8.363968253968256;0.02;0.7333333333333333;1378194679.0666666;5.417777777777777;11.328777313232422;1.4866666666666668;8.291111111111112;0.02888888888888889;0.9866666666666668;1378203680.1666667;5.408888888888888;12.37767113579644;0.013333333333333332;7.897777777777777;0.04;1.168888888888889;5.0
1378131672.3666666;7.495555555555557;13.828776041666664;6.613333333333333;8.54;0.08444444444444446;1.3199999999999998;1378140673.5;5.813015873015873;11.530839102608814;0.44;7.682735042735044;0.08290598290598289;1.2454700854700853;1378149674.2;5.235555555555555;12.197667015923395;0.0044444444444444444;7.524444444444443;0.024444444444444442;0.9711111111111114;1378158675.0;5.2622222222222215;12.888781653510199;5.891111111111111;8.302222222222223;0.02666666666666667;0.9355555555555559;1378167676.2333333;5.257777777777778;11.946567111545136;0.024444444444444442;7.5022222222222235;0.02;0.7666666666666665;1378176677.1666667;5.2444444444444445;11.875440809461805;0.0022222222222222222;7.1066666666666665;0.03111111111111111;0.7644444444444443;1378185678.2;5.382222222222223;13.668788486056858;6.815555555555554;8.363968253968256;0.02;0.7333333333333333;1378194679.0666666;5.417777777777777;11.328777313232422;1.4866666666666668;8.291111111111112;0.02888888888888889;0.9866666666666668;1378203680.1666667;5.408888888888888;12.37767113579644;0.013333333333333332;7.897777777777777;0.04;1.168888888888889;1378212681.0;5.3466666666666685;12.182109832763672;0.011111111111111112;7.3711111111111105;0.10222222222222224;1.3800000000000001;5.0
1378140673.5;5.813015873015873;11.530839102608814;0.44;7.682735042735044;0.08290598290598289;1.2454700854700853;1378149674.2;5.235555555555555;12.197667015923395;0.0044444444444444444;7.524444444444443;0.024444444444444442;0.9711111111111114;1378158675.0;5.2622222222222215;12.888781653510199;5.891111111111111;8.302222222222223;0.02666666666666667;0.9355555555555559;1378167676.2333333;5.257777777777778;11.946567111545136;0.024444444444444442;7.5022222222222235;0.02;0.7666666666666665;1378176677.1666667;5.2444444444444445;11.875440809461805;0.0022222222222222222;7.1066666666666665;0.03111111111111111;0.7644444444444443;1378185678.2;5.382222222222223;13.668788486056858;6.815555555555554;8.363968253968256;0.02;0.7333333333333333;1378194679.0666666;5.417777777777777;11.328777313232422;1.4866666666666668;8.291111111111112;0.02888888888888889;0.9866666666666668;1378203680.1666667;5.408888888888888;12.37767113579644;0.013333333333333332;7.897777777777777;0.04;1.168888888888889;1378212681.0;5.3466666666666685;12.182109832763672;0.011111111111111112;7.3711111111111105;0.10222222222222224;1.3800000000000001;1378221681.9333334;5.324444444444446;12.519888559977213;0.04;7.615555555555556;0.04666666666666666;1.2222222222222223;5.0
1378149674.2;5.235555555555555;12.197667015923395;0.0044444444444444444;7.524444444444443;0.024444444444444442;0.9711111111111114;1378158675.0;5.2622222222222215;12.888781653510199;5.891111111111111;8.302222222222223;0.02666666666666667;0.9355555555555559;1378167676.2333333;5.257777777777778;11.946567111545136;0.024444444444444442;7.5022222222222235;0.02;0.7666666666666665;1378176677.1666667;5.2444444444444445;11.875440809461805;0.0022222222222222222;7.1066666666666665;0.03111111111111111;0.7644444444444443;1378185678.2;5.382222222222223;13.668788486056858;6.815555555555554;8.363968253968256;0.02;0.7333333333333333;1378194679.0666666;5.417777777777777;11.328777313232422;1.4866666666666668;8.291111111111112;0.02888888888888889;0.9866666666666668;1378203680.1666667;5.408888888888888;12.37767113579644;0.013333333333333332;7.897777777777777;0.04;1.168888888888889;1378212681.0;5.3466666666666685;12.182109832763672;0.011111111111111112;7.3711111111111105;0.10222222222222224;1.3800000000000001;1378221681.9333334;5.324444444444446;12.519888559977213;0.04;7.615555555555556;0.04666666666666666;1.2222222222222223;1378230682.8666666;5.283492063492064;11.248941391233418;0.0;7.26793650793651;0.03777777777777778;1.0830158730158734;5.0
1378158675.0;5.2622222222222215;12.888781653510199;5.891111111111111;8.302222222222223;0.02666666666666667;0.9355555555555559;1378167676.2333333;5.257777777777778;11.946567111545136;0.024444444444444442;7.5022222222222235;0.02;0.7666666666666665;1378176677.1666667;5.2444444444444445;11.875440809461805;0.0022222222222222222;7.1066666666666665;0.03111111111111111;0.7644444444444443;1378185678.2;5.382222222222223;13.668788486056858;6.815555555555554;8.363968253968256;0.02;0.7333333333333333;1378194679.0666666;5.417777777777777;11.328777313232422;1.4866666666666668;8.291111111111112;0.02888888888888889;0.9866666666666668;1378203680.1666667;5.408888888888888;12.37767113579644;0.013333333333333332;7.897777777777777;0.04;1.168888888888889;1378212681.0;5.3466666666666685;12.182109832763672;0.011111111111111112;7.3711111111111105;0.10222222222222224;1.3800000000000001;1378221681.9333334;5.324444444444446;12.519888559977213;0.04;7.615555555555556;0.04666666666666666;1.2222222222222223;1378230682.8666666;5.283492063492064;11.248941391233418;0.0;7.26793650793651;0.03777777777777778;1.0830158730158734;1378239683.8333333;5.404444444444443;14.402117411295574;6.582222222222223;8.533333333333333;0.03333333333333333;0.977777777777778;5.0
1378167676.2333333;5.257777777777778;11.946567111545136;0.024444444444444442;7.5022222222222235;0.02;0.7666666666666665;1378176677.1666667;5.2444444444444445;11.875440809461805;0.0022222222222222222;7.1066666666666665;0.03111111111111111;0.7644444444444443;1378185678.2;5.382222222222223;13.668788486056858;6.815555555555554;8.363968253968256;0.02;0.7333333333333333;1378194679.0666666;5.417777777777777;11.328777313232422;1.4866666666666668;8.291111111111112;0.02888888888888889;0.9866666666666668;1378203680.1666667;5.408888888888888;12.37767113579644;0.013333333333333332;7.897777777777777;0.04;1.168888888888889;1378212681.0;5.3466666666666685;12.182109832763672;0.011111111111111112;7.3711111111111105;0.10222222222222224;1.3800000000000001;1378221681.9333334;5.324444444444446;12.519888559977213;0.04;7.615555555555556;0.04666666666666666;1.2222222222222223;1378230682.8666666;5.283492063492064;11.248941391233418;0.0;7.26793650793651;0.03777777777777778;1.0830158730158734;1378239683.8333333;5.404444444444443;14.402117411295574;6.582222222222223;8.533333333333333;0.03333333333333333;0.977777777777778;1378248684.8;5.276507936507937;11.543693966335722;0.52;7.963174603174603;0.03396825396825397;0.8680952380952384;5.0
1378176677.1666667;5.2444444444444445;11.875440809461805;0.0022222222222222222;7.1066666666666665;0.03111111111111111;0.7644444444444443;1378185678.2;5.382222222222223;13.668788486056858;6.815555555555554;8.363968253968256;0.02;0.7333333333333333;1378194679.0666666;5.417777777777777;11.328777313232422;1.4866666666666668;8.291111111111112;0.02888888888888889;0.9866666666666668;1378203680.1666667;5.408888888888888;12.37767113579644;0.013333333333333332;7.897777777777777;0.04;1.168888888888889;1378212681.0;5.3466666666666685;12.182109832763672;0.011111111111111112;7.3711111111111105;0.10222222222222224;1.3800000000000001;1378221681.9333334;5.324444444444446;12.519888559977213;0.04;7.615555555555556;0.04666666666666666;1.2222222222222223;1378230682.8666666;5.283492063492064;11.248941391233418;0.0;7.26793650793651;0.03777777777777778;1.0830158730158734;1378239683.8333333;5.404444444444443;14.402117411295574;6.582222222222223;8.533333333333333;0.03333333333333333;0.977777777777778;1378248684.8;5.276507936507937;11.543693966335722;0.52;7.963174603174603;0.03396825396825397;0.8680952380952384;1378257686.2;5.3066666666666675;12.035444471571184;0.017777777777777778;7.540000000000002;0.017777777777777778;0.7688888888888887;5.0
1378185678.2;5.382222222222223;13.668788486056858;6.815555555555554;8.363968253968256;0.02;0.7333333333333333;1378194679.0666666;5.417777777777777;11.328777313232422;1.4866666666666668;8.291111111111112;0.02888888888888889;0.9866666666666668;1378203680.1666667;5.408888888888888;12.37767113579644;0.013333333333333332;7.897777777777777;0.04;1.168888888888889;1378212681.0;5.3466666666666685;12.182109832763672;0.011111111111111112;7.3711111111111105;0.10222222222222224;1.3800000000000001;1378221681.9333334;5.324444444444446;12.519888559977213;0.04;7.615555555555556;0.04666666666666666;1.2222222222222223;1378230682.8666666;5.283492063492064;11.248941391233418;0.0;7.26793650793651;0.03777777777777778;1.0830158730158734;1378239683.8333333;5.404444444444443;14.402117411295574;6.582222222222223;8.533333333333333;0.03333333333333333;0.977777777777778;1378248684.8;5.276507936507937;11.543693966335722;0.52;7.963174603174603;0.03396825396825397;0.8680952380952384;1378257686.2;5.3066666666666675;12.035444471571184;0.017777777777777778;7.540000000000002;0.017777777777777778;0.7688888888888887;1378266687.3333333;5.293333333333334;12.559894561767578;0.05111111111111111;7.272063492063494;0.02888888888888889;0.786666666666667;5.0
1378194679.0666666;5.417777777777777;11.328777313232422;1.4866666666666668;8.291111111111112;0.02888888888888889;0.9866666666666668;1378203680.1666667;5.408888888888888;12.37767113579644;0.013333333333333332;7.897777777777777;0.04;1.168888888888889;1378212681.0;5.3466666666666685;12.182109832763672;0.011111111111111112;7.3711111111111105;0.10222222222222224;1.3800000000000001;1378221681.9333334;5.324444444444446;12.519888559977213;0.04;7.615555555555556;0.04666666666666666;1.2222222222222223;1378230682.8666666;5.283492063492064;11.248941391233418;0.0;7.26793650793651;0.03777777777777778;1.0830158730158734;1378239683.8333333;5.404444444444443;14.402117411295574;6.582222222222223;8.533333333333333;0.03333333333333333;0.977777777777778;1378248684.8;5.276507936507937;11.543693966335722;0.52;7.963174603174603;0.03396825396825397;0.8680952380952384;1378257686.2;5.3066666666666675;12.035444471571184;0.017777777777777778;7.540000000000002;0.017777777777777778;0.7688888888888887;1378266687.3333333;5.293333333333334;12.559894561767578;0.05111111111111111;7.272063492063494;0.02888888888888889;0.786666666666667;1378275688.0;5.366666666666668;12.433229234483507;0.02222222222222222;7.6111111111111125;0.02222222222222222;0.8266666666666668;5.0
1378203680.1666667;5.408888888888888;12.37767113579644;0.013333333333333332;7.897777777777777;0.04;1.168888888888889;1378212681.0;5.3466666666666685;12.182109832763672;0.011111111111111112;7.3711111111111105;0.10222222222222224;1.3800000000000001;1378221681.9333334;5.324444444444446;12.519888559977213;0.04;7.615555555555556;0.04666666666666666;1.2222222222222223;1378230682.8666666;5.283492063492064;11.248941391233418;0.0;7.26793650793651;0.03777777777777778;1.0830158730158734;1378239683.8333333;5.404444444444443;14.402117411295574;6.582222222222223;8.533333333333333;0.03333333333333333;0.977777777777778;1378248684.8;5.276507936507937;11.543693966335722;0.52;7.963174603174603;0.03396825396825397;0.8680952380952384;1378257686.2;5.3066666666666675;12.035444471571184;0.017777777777777778;7.540000000000002;0.017777777777777778;0.7688888888888887;1378266687.3333333;5.293333333333334;12.559894561767578;0.05111111111111111;7.272063492063494;0.02888888888888889;0.786666666666667;1378275688.0;5.366666666666668;12.433229234483507;0.02222222222222222;7.6111111111111125;0.02222222222222222;0.8266666666666668;1378284688.7333333;5.631111111111111;11.893219841851131;0.0;7.428888888888888;0.05555555555555555;1.1200000000000003;5.0
1378212681.0;5.3466666666666685;12.182109832763672;0.011111111111111112;7.3711111111111105;0.10222222222222224;1.3800000000000001;1378221681.9333334;5.324444444444446;12.519888559977213;0.04;7.615555555555556;0.04666666666666666;1.2222222222222223;1378230682.8666666;5.283492063492064;11.248941391233418;0.0;7.26793650793651;0.03777777777777778;1.0830158730158734;1378239683.8333333;5.404444444444443;14.402117411295574;6.582222222222223;8.533333333333333;0.03333333333333333;0.977777777777778;1378248684.8;5.276507936507937;11.543693966335722;0.52;7.963174603174603;0.03396825396825397;0.8680952380952384;1378257686.2;5.3066666666666675;12.035444471571184;0.017777777777777778;7.540000000000002;0.017777777777777778;0.7688888888888887;1378266687.3333333;5.293333333333334;12.559894561767578;0.05111111111111111;7.272063492063494;0.02888888888888889;0.786666666666667;1378275688.0;5.366666666666668;12.433229234483507;0.02222222222222222;7.6111111111111125;0.02222222222222222;0.8266666666666668;1378284688.7333333;5.631111111111111;11.893219841851131;0.0;7.428888888888888;0.05555555555555555;1.1200000000000003;1378293690.1;5.437777777777779;13.782118055555555;6.562222222222221;8.651111111111112;0.04666666666666666;1.0933333333333335;5.0
1378221681.9333334;5.324444444444446;12.519888559977213;0.04;7.615555555555556;0.04666666666666666;1.2222222222222223;1378230682.8666666;5.283492063492064;11.248941391233418;0.0;7.26793650793651;0.03777777777777778;1.0830158730158734;1378239683.8333333;5.404444444444443;14.402117411295574;6.582222222222223;8.533333333333333;0.03333333333333333;0.977777777777778;1378248684.8;5.276507936507937;11.543693966335722;0.52;7.963174603174603;0.03396825396825397;0.8680952380952384;1378257686.2;5.3066666666666675;12.035444471571184;0.017777777777777778;7.540000000000002;0.017777777777777778;0.7688888888888887;1378266687.3333333;5.293333333333334;12.559894561767578;0.05111111111111111;7.272063492063494;0.02888888888888889;0.786666666666667;1378275688.0;5.366666666666668;12.433229234483507;0.02222222222222222;7.6111111111111125;0.02222222222222222;0.8266666666666668;1378284688.7333333;5.631111111111111;11.893219841851131;0.0;7.428888888888888;0.05555555555555555;1.1200000000000003;1378293690.1;5.437777777777779;13.782118055555555;6.562222222222221;8.651111111111112;0.04666666666666666;1.0933333333333335;1378302691.3;5.375555555555556;12.064334869384766;0.01111111111111111;7.362222222222221;0.05333333333333333;1.1533333333333333;5.0
1378230682.8666666;5.283492063492064;11.248941391233418;0.0;7.26793650793651;0.03777777777777778;1.0830158730158734;1378239683.8333333;5.404444444444443;14.402117411295574;6.582222222222223;8.533333333333333;0.03333333333333333;0.977777777777778;1378248684.8;5.276507936507937;11.543693966335722;0.52;7.963174603174603;0.03396825396825397;0.8680952380952384;1378257686.2;5.3066666666666675;12.035444471571184;0.017777777777777778;7.540000000000002;0.017777777777777778;0.7688888888888887;1378266687.3333333;5.293333333333334;12.559894561767578;0.05111111111111111;7.272063492063494;0.02888888888888889;0.786666666666667;1378275688.0;5.366666666666668;12.433229234483507;0.02222222222222222;7.6111111111111125;0.02222222222222222;0.8266666666666668;1378284688.7333333;5.631111111111111;11.893219841851131;0.0;7.428888888888888;0.05555555555555555;1.1200000000000003;1378293690.1;5.437777777777779;13.782118055555555;6.562222222222221;8.651111111111112;0.04666666666666666;1.0933333333333335;1378302691.3;5.375555555555556;12.064334869384766;0.01111111111111111;7.362222222222221;0.05333333333333333;1.1533333333333333;1378311691.5333333;5.455555555555557;12.466557820638021;0.43777777777777777;7.633333333333335;0.04666666666666666;1.0444444444444447;5.0
1378239683.8333333;5.404444444444443;14.402117411295574;6.582222222222223;8.533333333333333;0.03333333333333333;0.977777777777778;1378248684.8;5.276507936507937;11.543693966335722;0.52;7.963174603174603;0.03396825396825397;0.8680952380952384;1378257686.2;5.3066666666666675;12.035444471571184;0.017777777777777778;7.540000000000002;0.017777777777777778;0.7688888888888887;1378266687.3333333;5.293333333333334;12.559894561767578;0.05111111111111111;7.272063492063494;0.02888888888888889;0.786666666666667;1378275688.0;5.366666666666668;12.433229234483507;0.02222222222222222;7.6111111111111125;0.02222222222222222;0.8266666666666668;1378284688.7333333;5.631111111111111;11.893219841851131;0.0;7.428888888888888;0.05555555555555555;1.1200000000000003;1378293690.1;5.437777777777779;13.782118055555555;6.562222222222221;8.651111111111112;0.04666666666666666;1.0933333333333335;1378302691.3;5.375555555555556;12.064334869384766;0.01111111111111111;7.362222222222221;0.05333333333333333;1.1533333333333333;1378311691.5333333;5.455555555555557;12.466557820638021;0.43777777777777777;7.633333333333335;0.04666666666666666;1.0444444444444447;1378320932.6;5.317777777777778;11.65766101413303;0.0044444444444444444;7.4444444444444455;0.03333333333333333;1.0555555555555558;5.0
1378248684.8;5.276507936507937;11.543693966335722;0.52;7.963174603174603;0.03396825396825397;0.8680952380952384;1378257686.2;5.3066666666666675;12.035444471571184;0.017777777777777778;7.540000000000002;0.017777777777777778;0.7688888888888887;1378266687.3333333;5.293333333333334;12.559894561767578;0.05111111111111111;7.272063492063494;0.02888888888888889;0.786666666666667;1378275688.0;5.366666666666668;12.433229234483507;0.02222222222222222;7.6111111111111125;0.02222222222222222;0.8266666666666668;1378284688.7333333;5.631111111111111;11.893219841851131;0.0;7.428888888888888;0.05555555555555555;1.1200000000000003;1378293690.1;5.437777777777779;13.782118055555555;6.562222222222221;8.651111111111112;0.04666666666666666;1.0933333333333335;1378302691.3;5.375555555555556;12.064334869384766;0.01111111111111111;7.362222222222221;0.05333333333333333;1.1533333333333333;1378311691.5333333;5.455555555555557;12.466557820638021;0.43777777777777777;7.633333333333335;0.04666666666666666;1.0444444444444447;1378320932.6;5.317777777777778;11.65766101413303;0.0044444444444444444;7.4444444444444455;0.03333333333333333;1.0555555555555558;1378329993.6;5.357777777777779;13.202118767632381;5.8933333333333335;8.006666666666668;0.02;0.9511111111111112;5.0
1378257686.2;5.3066666666666675;12.035444471571184;0.017777777777777778;7.540000000000002;0.017777777777777778;0.7688888888888887;1378266687.3333333;5.293333333333334;12.559894561767578;0.05111111111111111;7.272063492063494;0.02888888888888889;0.786666666666667;1378275688.0;5.366666666666668;12.433229234483507;0.02222222222222222;7.6111111111111125;0.02222222222222222;0.8266666666666668;1378284688.7333333;5.631111111111111;11.893219841851131;0.0;7.428888888888888;0.05555555555555555;1.1200000000000003;1378293690.1;5.437777777777779;13.782118055555555;6.562222222222221;8.651111111111112;0.04666666666666666;1.0933333333333335;1378302691.3;5.375555555555556;12.064334869384766;0.01111111111111111;7.362222222222221;0.05333333333333333;1.1533333333333333;1378311691.5333333;5.455555555555557;12.466557820638021;0.43777777777777777;7.633333333333335;0.04666666666666666;1.0444444444444447;1378320932.6;5.317777777777778;11.65766101413303;0.0044444444444444444;7.4444444444444455;0.03333333333333333;1.0555555555555558;1378329993.6;5.357777777777779;13.202118767632381;5.8933333333333335;8.006666666666668;0.02;0.9511111111111112;1378338994.7333333;5.26;11.948785146077475;0.10888888888888888;7.775555555555555;0.02666666666666667;0.8555555555555557;5.0
1378266687.3333333;5.293333333333334;12.559894561767578;0.05111111111111111;7.272063492063494;0.02888888888888889;0.786666666666667;1378275688.0;5.366666666666668;12.433229234483507;0.02222222222222222;7.6111111111111125;0.02222222222222222;0.8266666666666668;1378284688.7333333;5.631111111111111;11.893219841851131;0.0;7.428888888888888;0.05555555555555555;1.1200000000000003;1378293690.1;5.437777777777779;13.782118055555555;6.562222222222221;8.651111111111112;0.04666666666666666;1.0933333333333335;1378302691.3;5.375555555555556;12.064334869384766;0.01111111111111111;7.362222222222221;0.05333333333333333;1.1533333333333333;1378311691.5333333;5.455555555555557;12.466557820638021;0.43777777777777777;7.633333333333335;0.04666666666666666;1.0444444444444447;1378320932.6;5.317777777777778;11.65766101413303;0.0044444444444444444;7.4444444444444455;0.03333333333333333;1.0555555555555558;1378329993.6;5.357777777777779;13.202118767632381;5.8933333333333335;8.006666666666668;0.02;0.9511111111111112;1378338994.7333333;5.26;11.948785146077475;0.10888888888888888;7.775555555555555;0.02666666666666667;0.8555555555555557;1378347995.0666666;5.904444444444445;13.135453542073568;6.553333333333334;8.497777777777777;0.024444444444444442;0.8;5.0
1378275688.0;5.366666666666668;12.433229234483507;0.02222222222222222;7.6111111111111125;0.02222222222222222;0.8266666666666668;1378284688.7333333;5.631111111111111;11.893219841851131;0.0;7.428888888888888;0.05555555555555555;1.1200000000000003;1378293690.1;5.437777777777779;13.782118055555555;6.562222222222221;8.651111111111112;0.04666666666666666;1.0933333333333335;1378302691.3;5.375555555555556;12.064334869384766;0.01111111111111111;7.362222222222221;0.05333333333333333;1.1533333333333333;1378311691.5333333;5.455555555555557;12.466557820638021;0.43777777777777777;7.633333333333335;0.04666666666666666;1.0444444444444447;1378320932.6;5.317777777777778;11.65766101413303;0.0044444444444444444;7.4444444444444455;0.03333333333333333;1.0555555555555558;1378329993.6;5.357777777777779;13.202118767632381;5.8933333333333335;8.006666666666668;0.02;0.9511111111111112;1378338994.7333333;5.26;11.948785146077475;0.10888888888888888;7.775555555555555;0.02666666666666667;0.8555555555555557;1378347995.0666666;5.904444444444445;13.135453542073568;6.553333333333334;8.497777777777777;0.024444444444444442;0.8;1378356996.3;5.857777777777779;11.81322267320421;0.42888888888888893;7.35111111111111;0.03111111111111111;0.8266666666666669;5.0
1378284688.7333333;5.631111111111111;11.893219841851131;0.0;7.428888888888888;0.05555555555555555;1.1200000000000003;1378293690.1;5.437777777777779;13.782118055555555;6.562222222222221;8.651111111111112;0.04666666666666666;1.0933333333333335;1378302691.3;5.375555555555556;12.064334869384766;0.01111111111111111;7.362222222222221;0.05333333333333333;1.1533333333333333;1378311691.5333333;5.455555555555557;12.466557820638021;0.43777777777777777;7.633333333333335;0.04666666666666666;1.0444444444444447;1378320932.6;5.317777777777778;11.65766101413303;0.0044444444444444444;7.4444444444444455;0.03333333333333333;1.0555555555555558;1378329993.6;5.357777777777779;13.202118767632381;5.8933333333333335;8.006666666666668;0.02;0.9511111111111112;1378338994.7333333;5.26;11.948785146077475;0.10888888888888888;7.775555555555555;0.02666666666666667;0.8555555555555557;1378347995.0666666;5.904444444444445;13.135453542073568;6.553333333333334;8.497777777777777;0.024444444444444442;0.8;1378356996.3;5.857777777777779;11.81322267320421;0.42888888888888893;7.35111111111111;0.03111111111111111;0.8266666666666669;1378365997.2;5.624444444444445;11.666548411051433;0.45777777777777773;7.7044444444444435;0.024444444444444442;0.8977777777777779;5.0
1378293690.1;5.437777777777779;13.782118055555555;6.562222222222221;8.651111111111112;0.04666666666666666;1.0933333333333335;1378302691.3;5.375555555555556;12.064334869384766;0.01111111111111111;7.362222222222221;0.05333333333333333;1.1533333333333333;1378311691.5333333;5.455555555555557;12.466557820638021;0.43777777777777777;7.633333333333335;0.04666666666666666;1.0444444444444447;1378320932.6;5.317777777777778;11.65766101413303;0.0044444444444444444;7.4444444444444455;0.03333333333333333;1.0555555555555558;1378329993.6;5.357777777777779;13.202118767632381;5.8933333333333335;8.006666666666668;0.02;0.9511111111111112;1378338994.7333333;5.26;11.948785146077475;0.10888888888888888;7.775555555555555;0.02666666666666667;0.8555555555555557;1378347995.0666666;5.904444444444445;13.135453542073568;6.553333333333334;8.497777777777777;0.024444444444444442;0.8;1378356996.3;5.857777777777779;11.81322267320421;0.42888888888888893;7.35111111111111;0.03111111111111111;0.8266666666666669;1378365997.2;5.624444444444445;11.666548411051433;0.45777777777777773;7.7044444444444435;0.024444444444444442;0.8977777777777779;1378374997.6;5.364444444444444;12.21100107828776;0.0044444444444444444;7.535555555555556;0.03777777777777778;1.1000000000000003;5.0
1378302691.3;5.375555555555556;12.064334869384766;0.01111111111111111;7.362222222222221;0.05333333333333333;1.1533333333333333;1378311691.5333333;5.455555555555557;12.466557820638021;0.43777777777777777;7.633333333333335;0.04666666666666666;1.0444444444444447;1378320932.6;5.317777777777778;11.65766101413303;0.0044444444444444444;7.4444444444444455;0.03333333333333333;1.0555555555555558;1378329993.6;5.357777777777779;13.202118767632381;5.8933333333333335;8.006666666666668;0.02;0.9511111111111112;1378338994.7333333;5.26;11.948785146077475;0.10888888888888888;7.775555555555555;0.02666666666666667;0.8555555555555557;1378347995.0666666;5.904444444444445;13.135453542073568;6.553333333333334;8.497777777777777;0.024444444444444442;0.8;1378356996.3;5.857777777777779;11.81322267320421;0.42888888888888893;7.35111111111111;0.03111111111111111;0.8266666666666669;1378365997.2;5.624444444444445;11.666548411051433;0.45777777777777773;7.7044444444444435;0.024444444444444442;0.8977777777777779;1378374997.6;5.364444444444444;12.21100107828776;0.0044444444444444444;7.535555555555556;0.03777777777777778;1.1000000000000003;1378383998.5;5.982222222222223;12.413222842746311;0.0044444444444444444;7.817777777777776;0.035555555555555556;1.057777777777778;5.0
1378311691.5333333;5.455555555555557;12.466557820638021;0.43777777777777777;7.633333333333335;0.04666666666666666;1.0444444444444447;1378320932.6;5.317777777777778;11.65766101413303;0.0044444444444444444;7.4444444444444455;0.03333333333333333;1.0555555555555558;1378329993.6;5.357777777777779;13.202118767632381;5.8933333333333335;8.006666666666668;0.02;0.9511111111111112;1378338994.7333333;5.26;11.948785146077475;0.10888888888888888;7.775555555555555;0.02666666666666667;0.8555555555555557;1378347995.0666666;5.904444444444445;13.135453542073568;6.553333333333334;8.497777777777777;0.024444444444444442;0.8;1378356996.3;5.857777777777779;11.81322267320421;0.42888888888888893;7.35111111111111;0.03111111111111111;0.8266666666666669;1378365997.2;5.624444444444445;11.666548411051433;0.45777777777777773;7.7044444444444435;0.024444444444444442;0.8977777777777779;1378374997.6;5.364444444444444;12.21100107828776;0.0044444444444444444;7.535555555555556;0.03777777777777778;1.1000000000000003;1378383998.5;5.982222222222223;12.413222842746311;0.0044444444444444444;7.817777777777776;0.035555555555555556;1.057777777777778;1378393419.4666667;5.764285714285715;11.957351260715061;0.015555555555555555;7.661367521367522;0.05555555555555555;1.1263247863247863;5.0
1378320932.6;5.317777777777778;11.65766101413303;0.0044444444444444444;7.4444444444444455;0.03333333333333333;1.0555555555555558;1378329993.6;5.357777777777779;13.202118767632381;5.8933333333333335;8.006666666666668;0.02;0.9511111111111112;1378338994.7333333;5.26;11.948785146077475;0.10888888888888888;7.775555555555555;0.02666666666666667;0.8555555555555557;1378347995.0666666;5.904444444444445;13.135453542073568;6.553333333333334;8.497777777777777;0.024444444444444442;0.8;1378356996.3;5.857777777777779;11.81322267320421;0.42888888888888893;7.35111111111111;0.03111111111111111;0.8266666666666669;1378365997.2;5.624444444444445;11.666548411051433;0.45777777777777773;7.7044444444444435;0.024444444444444442;0.8977777777777779;1378374997.6;5.364444444444444;12.21100107828776;0.0044444444444444444;7.535555555555556;0.03777777777777778;1.1000000000000003;1378383998.5;5.982222222222223;12.413222842746311;0.0044444444444444444;7.817777777777776;0.035555555555555556;1.057777777777778;1378393419.4666667;5.764285714285715;11.957351260715061;0.015555555555555555;7.661367521367522;0.05555555555555555;1.1263247863247863;1378402600.2;5.557777777777778;13.999900817871094;7.215555555555555;8.493333333333332;0.017777777777777778;0.9533333333333337;5.0
1378329993.6;5.357777777777779;13.202118767632381;5.8933333333333335;8.006666666666668;0.02;0.9511111111111112;1378338994.7333333;5.26;11.948785146077475;0.10888888888888888;7.775555555555555;0.02666666666666667;0.8555555555555557;1378347995.0666666;5.904444444444445;13.135453542073568;6.553333333333334;8.497777777777777;0.024444444444444442;0.8;1378356996.3;5.857777777777779;11.81322267320421;0.42888888888888893;7.35111111111111;0.03111111111111111;0.8266666666666669;1378365997.2;5.624444444444445;11.666548411051433;0.45777777777777773;7.7044444444444435;0.024444444444444442;0.8977777777777779;1378374997.6;5.364444444444444;12.21100107828776;0.0044444444444444444;7.535555555555556;0.03777777777777778;1.1000000000000003;1378383998.5;5.982222222222223;12.413222842746311;0.0044444444444444444;7.817777777777776;0.035555555555555556;1.057777777777778;1378393419.4666667;5.764285714285715;11.957351260715061;0.015555555555555555;7.661367521367522;0.05555555555555555;1.1263247863247863;1378402600.2;5.557777777777778;13.999900817871094;7.215555555555555;8.493333333333332;0.017777777777777778;0.9533333333333337;1378411600.8333333;5.522222222222222;12.96211496988932;5.804444444444444;7.895555555555555;0.02888888888888889;0.9155555555555559;5.0
1378338994.7333333;5.26;11.948785146077475;0.10888888888888888;7.775555555555555;0.02666666666666667;0.8555555555555557;1378347995.0666666;5.904444444444445;13.135453542073568;6.553333333333334;8.497777777777777;0.024444444444444442;0.8;1378356996.3;5.857777777777779;11.81322267320421;0.42888888888888893;7.35111111111111;0.03111111111111111;0.8266666666666669;1378365997.2;5.624444444444445;11.666548411051433;0.45777777777777773;7.7044444444444435;0.024444444444444442;0.8977777777777779;1378374997.6;5.364444444444444;12.21100107828776;0.0044444444444444444;7.535555555555556;0.03777777777777778;1.1000000000000003;1378383998.5;5.982222222222223;12.413222842746311;0.0044444444444444444;7.817777777777776;0.035555555555555556;1.057777777777778;1378393419.4666667;5.764285714285715;11.957351260715061;0.015555555555555555;7.661367521367522;0.05555555555555555;1.1263247863247863;1378402600.2;5.557777777777778;13.999900817871094;7.215555555555555;8.493333333333332;0.017777777777777778;0.9533333333333337;1378411600.8333333;5.522222222222222;12.96211496988932;5.804444444444444;7.895555555555555;0.02888888888888889;0.9155555555555559;1378420601.9666667;5.480000000000001;12.335450066460504;0.08222222222222222;7.266666666666668;0.017777777777777778;0.7911111111111112;5.0
1378347995.0666666;5.904444444444445;13.135453542073568;6.553333333333334;8.497777777777777;0.024444444444444442;0.8;1378356996.3;5.857777777777779;11.81322267320421;0.42888888888888893;7.35111111111111;0.03111111111111111;0.8266666666666669;1378365997.2;5.624444444444445;11.666548411051433;0.45777777777777773;7.7044444444444435;0.024444444444444442;0.8977777777777779;1378374997.6;5.364444444444444;12.21100107828776;0.0044444444444444444;7.535555555555556;0.03777777777777778;1.1000000000000003;1378383998.5;5.982222222222223;12.413222842746311;0.0044444444444444444;7.817777777777776;0.035555555555555556;1.057777777777778;1378393419.4666667;5.764285714285715;11.957351260715061;0.015555555555555555;7.661367521367522;0.05555555555555555;1.1263247863247863;1378402600.2;5.557777777777778;13.999900817871094;7.215555555555555;8.493333333333332;0.017777777777777778;0.9533333333333337;1378411600.8333333;5.522222222222222;12.96211496988932;5.804444444444444;7.895555555555555;0.02888888888888889;0.9155555555555559;1378420601.9666667;5.480000000000001;12.335450066460504;0.08222222222222222;7.266666666666668;0.017777777777777778;0.7911111111111112;1378429603.1333334;5.462222222222222;11.473218705919054;0.44;8.028888888888888;0.02888888888888889;0.7911111111111111;5.0
1378356996.3;5.857777777777779;11.81322267320421;0.42888888888888893;7.35111111111111;0.03111111111111111;0.8266666666666669;1378365997.2;5.624444444444445;11.666548411051433;0.45777777777777773;7.7044444444444435;0.024444444444444442;0.8977777777777779;1378374997.6;5.364444444444444;12.21100107828776;0.0044444444444444444;7.535555555555556;0.03777777777777778;1.1000000000000003;1378383998.5;5.982222222222223;12.413222842746311;0.0044444444444444444;7.817777777777776;0.035555555555555556;1.057777777777778;1378393419.4666667;5.764285714285715;11.957351260715061;0.015555555555555555;7.661367521367522;0.05555555555555555;1.1263247863247863;1378402600.2;5.557777777777778;13.999900817871094;7.215555555555555;8.493333333333332;0.017777777777777778;0.9533333333333337;1378411600.8333333;5.522222222222222;12.96211496988932;5.804444444444444;7.895555555555555;0.02888888888888889;0.9155555555555559;1378420601.9666667;5.480000000000001;12.335450066460504;0.08222222222222222;7.266666666666668;0.017777777777777778;0.7911111111111112;1378429603.1333334;5.462222222222222;11.473218705919054;0.44;8.028888888888888;0.02888888888888889;0.7911111111111111;1378438603.9666667;5.582222222222223;11.968774583604603;0.0023809523809523807;7.577264957264956;0.02;0.7333333333333335;5.0
1378365997.2;5.624444444444445;11.666548411051433;0.45777777777777773;7.7044444444444435;0.024444444444444442;0.8977777777777779;1378374997.6;5.364444444444444;12.21100107828776;0.0044444444444444444;7.535555555555556;0.03777777777777778;1.1000000000000003;1378383998.5;5.982222222222223;12.413222842746311;0.0044444444444444444;7.817777777777776;0.035555555555555556;1.057777777777778;1378393419.4666667;5.764285714285715;11.957351260715061;0.015555555555555555;7.661367521367522;0.05555555555555555;1.1263247863247863;1378402600.2;5.557777777777778;13.999900817871094;7.215555555555555;8.493333333333332;0.017777777777777778;0.9533333333333337;1378411600.8333333;5.522222222222222;12.96211496988932;5.804444444444444;7.895555555555555;0.02888888888888889;0.9155555555555559;1378420601.9666667;5.480000000000001;12.335450066460504;0.08222222222222222;7.266666666666668;0.017777777777777778;0.7911111111111112;1378429603.1333334;5.462222222222222;11.473218705919054;0.44;8.028888888888888;0.02888888888888889;0.7911111111111111;1378438603.9666667;5.582222222222223;11.968774583604603;0.0023809523809523807;7.577264957264956;0.02;0.7333333333333335;1378447604.6;5.471111111111113;11.76210912068685;0.04666666666666666;7.468888888888889;0.02666666666666667;0.7822222222222224;5.0
1378374997.6;5.364444444444444;12.21100107828776;0.0044444444444444444;7.535555555555556;0.03777777777777778;1.1000000000000003;1378383998.5;5.982222222222223;12.413222842746311;0.0044444444444444444;7.817777777777776;0.035555555555555556;1.057777777777778;1378393419.4666667;5.764285714285715;11.957351260715061;0.015555555555555555;7.661367521367522;0.05555555555555555;1.1263247863247863;1378402600.2;5.557777777777778;13.999900817871094;7.215555555555555;8.493333333333332;0.017777777777777778;0.9533333333333337;1378411600.8333333;5.522222222222222;12.96211496988932;5.804444444444444;7.895555555555555;0.02888888888888889;0.9155555555555559;1378420601.9666667;5.480000000000001;12.335450066460504;0.08222222222222222;7.266666666666668;0.017777777777777778;0.7911111111111112;1378429603.1333334;5.462222222222222;11.473218705919054;0.44;8.028888888888888;0.02888888888888889;0.7911111111111111;1378438603.9666667;5.582222222222223;11.968774583604603;0.0023809523809523807;7.577264957264956;0.02;0.7333333333333335;1378447604.6;5.471111111111113;11.76210912068685;0.04666666666666666;7.468888888888889;0.02666666666666667;0.7822222222222224;1378456605.5333333;5.64;13.928782992892797;6.566666666666666;8.377777777777778;0.028888888888888888;0.9511111111111114;5.0
1378383998.5;5.982222222222223;12.413222842746311;0.0044444444444444444;7.817777777777776;0.035555555555555556;1.057777777777778;1378393419.4666667;5.764285714285715;11.957351260715061;0.015555555555555555;7.661367521367522;0.05555555555555555;1.1263247863247863;1378402600.2;5.557777777777778;13.999900817871094;7.215555555555555;8.493333333333332;0.017777777777777778;0.9533333333333337;1378411600.8333333;5.522222222222222;12.96211496988932;5.804444444444444;7.895555555555555;0.02888888888888889;0.9155555555555559;1378420601.9666667;5.480000000000001;12.335450066460504;0.08222222222222222;7.266666666666668;0.017777777777777778;0.7911111111111112;1378429603.1333334;5.462222222222222;11.473218705919054;0.44;8.028888888888888;0.02888888888888889;0.7911111111111111;1378438603.9666667;5.582222222222223;11.968774583604603;0.0023809523809523807;7.577264957264956;0.02;0.7333333333333335;1378447604.6;5.471111111111113;11.76210912068685;0.04666666666666666;7.468888888888889;0.02666666666666667;0.7822222222222224;1378456605.5333333;5.64;13.928782992892797;6.566666666666666;8.377777777777778;0.028888888888888888;0.9511111111111114;1378465656.7333333;5.522222222222222;11.991000281439886;0.0;7.38;0.04;1.1222222222222225;5.0
1378393419.4666667;5.764285714285715;11.957351260715061;0.015555555555555555;7.661367521367522;0.05555555555555555;1.1263247863247863;1378402600.2;5.557777777777778;13.999900817871094;7.215555555555555;8.493333333333332;0.017777777777777778;0.9533333333333337;1378411600.8333333;5.522222222222222;12.96211496988932;5.804444444444444;7.895555555555555;0.02888888888888889;0.9155555555555559;1378420601.9666667;5.480000000000001;12.335450066460504;0.08222222222222222;7.266666666666668;0.017777777777777778;0.7911111111111112;1378429603.1333334;5.462222222222222;11.473218705919054;0.44;8.028888888888888;0.02888888888888889;0.7911111111111111;1378438603.9666667;5.582222222222223;11.968774583604603;0.0023809523809523807;7.577264957264956;0.02;0.7333333333333335;1378447604.6;5.471111111111113;11.76210912068685;0.04666666666666666;7.468888888888889;0.02666666666666667;0.7822222222222224;1378456605.5333333;5.64;13.928782992892797;6.566666666666666;8.377777777777778;0.028888888888888888;0.9511111111111114;1378465656.7333333;5.522222222222222;11.991000281439886;0.0;7.38;0.04;1.1222222222222225;1378476037.6;5.597777777777778;11.819883558485246;0.060000000000000005;7.882222222222223;0.08666666666666667;1.3444444444444443;5.0
1378402600.2;5.557777777777778;13.999900817871094;7.215555555555555;8.493333333333332;0.017777777777777778;0.9533333333333337;1378411600.8333333;5.522222222222222;12.96211496988932;5.804444444444444;7.895555555555555;0.02888888888888889;0.9155555555555559;1378420601.9666667;5.480000000000001;12.335450066460504;0.08222222222222222;7.266666666666668;0.017777777777777778;0.7911111111111112;1378429603.1333334;5.462222222222222;11.473218705919054;0.44;8.028888888888888;0.02888888888888889;0.7911111111111111;1378438603.9666667;5.582222222222223;11.968774583604603;0.0023809523809523807;7.577264957264956;0.02;0.7333333333333335;1378447604.6;5.471111111111113;11.76210912068685;0.04666666666666666;7.468888888888889;0.02666666666666667;0.7822222222222224;1378456605.5333333;5.64;13.928782992892797;6.566666666666666;8.377777777777778;0.028888888888888888;0.9511111111111114;1378465656.7333333;5.522222222222222;11.991000281439886;0.0;7.38;0.04;1.1222222222222225;1378476037.6;5.597777777777778;11.819883558485246;0.060000000000000005;7.882222222222223;0.08666666666666667;1.3444444444444443;1378485108.7;5.566666666666666;12.195449829101562;0.7266666666666666;7.673333333333333;0.042222222222222223;1.077777777777778;5.0
1378411600.8333333;5.522222222222222;12.96211496988932;5.804444444444444;7.895555555555555;0.02888888888888889;0.9155555555555559;1378420601.9666667;5.480000000000001;12.335450066460504;0.08222222222222222;7.266666666666668;0.017777777777777778;0.7911111111111112;1378429603.1333334;5.462222222222222;11.473218705919054;0.44;8.028888888888888;0.02888888888888889;0.7911111111111111;1378438603.9666667;5.582222222222223;11.968774583604603;0.0023809523809523807;7.577264957264956;0.02;0.7333333333333335;1378447604.6;5.471111111111113;11.76210912068685;0.04666666666666666;7.468888888888889;0.02666666666666667;0.7822222222222224;1378456605.5333333;5.64;13.928782992892797;6.566666666666666;8.377777777777778;0.028888888888888888;0.9511111111111114;1378465656.7333333;5.522222222222222;11.991000281439886;0.0;7.38;0.04;1.1222222222222225;1378476037.6;5.597777777777778;11.819883558485246;0.060000000000000005;7.882222222222223;0.08666666666666667;1.3444444444444443;1378485108.7;5.566666666666666;12.195449829101562;0.7266666666666666;7.673333333333333;0.042222222222222223;1.077777777777778;1378494109.6;5.513333333333334;11.504329257541231;0.0;7.391111111111111;0.04444444444444444;1.004444444444445;5.0
1378420601.9666667;5.480000000000001;12.335450066460504;0.08222222222222222;7.266666666666668;0.017777777777777778;0.7911111111111112;1378429603.1333334;5.462222222222222;11.473218705919054;0.44;8.028888888888888;0.02888888888888889;0.7911111111111111;1378438603.9666667;5.582222222222223;11.968774583604603;0.0023809523809523807;7.577264957264956;0.02;0.7333333333333335;1378447604.6;5.471111111111113;11.76210912068685;0.04666666666666666;7.468888888888889;0.02666666666666667;0.7822222222222224;1378456605.5333333;5.64;13.928782992892797;6.566666666666666;8.377777777777778;0.028888888888888888;0.9511111111111114;1378465656.7333333;5.522222222222222;11.991000281439886;0.0;7.38;0.04;1.1222222222222225;1378476037.6;5.597777777777778;11.819883558485246;0.060000000000000005;7.882222222222223;0.08666666666666667;1.3444444444444443;1378485108.7;5.566666666666666;12.195449829101562;0.7266666666666666;7.673333333333333;0.042222222222222223;1.077777777777778;1378494109.6;5.513333333333334;11.504329257541231;0.0;7.391111111111111;0.04444444444444444;1.004444444444445;1378503110.0;5.595555555555557;12.824342939588758;5.884444444444444;8.08888888888889;0.02;0.8755555555555559;5.0
1378429603.1333334;5.462222222222222;11.473218705919054;0.44;8.028888888888888;0.02888888888888889;0.7911111111111111;1378438603.9666667;5.582222222222223;11.968774583604603;0.0023809523809523807;7.577264957264956;0.02;0.7333333333333335;1378447604.6;5.471111111111113;11.76210912068685;0.04666666666666666;7.468888888888889;0.02666666666666667;0.7822222222222224;1378456605.5333333;5.64;13.928782992892797;6.566666666666666;8.377777777777778;0.028888888888888888;0.9511111111111114;1378465656.7333333;5.522222222222222;11.991000281439886;0.0;7.38;0.04;1.1222222222222225;1378476037.6;5.597777777777778;11.819883558485246;0.060000000000000005;7.882222222222223;0.08666666666666667;1.3444444444444443;1378485108.7;5.566666666666666;12.195449829101562;0.7266666666666666;7.673333333333333;0.042222222222222223;1.077777777777778;1378494109.6;5.513333333333334;11.504329257541231;0.0;7.391111111111111;0.04444444444444444;1.004444444444445;1378503110.0;5.595555555555557;12.824342939588758;5.884444444444444;8.08888888888889;0.02;0.8755555555555559;1378512111.0;5.48888888888889;13.928791469997831;6.620000000000001;8.339999999999998;0.02666666666666667;0.8688888888888892;5.0
1378438603.9666667;5.582222222222223;11.968774583604603;0.0023809523809523807;7.577264957264956;0.02;0.7333333333333335;1378447604.6;5.471111111111113;11.76210912068685;0.04666666666666666;7.468888888888889;0.02666666666666667;0.7822222222222224;1378456605.5333333;5.64;13.928782992892797;6.566666666666666;8.377777777777778;0.028888888888888888;0.9511111111111114;1378465656.7333333;5.522222222222222;11.991000281439886;0.0;7.38;0.04;1.1222222222222225;1378476037.6;5.597777777777778;11.819883558485246;0.060000000000000005;7.882222222222223;0.08666666666666667;1.3444444444444443;1378485108.7;5.566666666666666;12.195449829101562;0.7266666666666666;7.673333333333333;0.042222222222222223;1.077777777777778;1378494109.6;5.513333333333334;11.504329257541231;0.0;7.391111111111111;0.04444444444444444;1.004444444444445;1378503110.0;5.595555555555557;12.824342939588758;5.884444444444444;8.08888888888889;0.02;0.8755555555555559;1378512111.0;5.48888888888889;13.928791469997831;6.620000000000001;8.339999999999998;0.02666666666666667;0.8688888888888892;1378521111.5666666;5.404444444444446;12.28211042616102;0.0;7.85111111111111;0.02222222222222222;0.7333333333333336;5.0
1378447604.6;5.471111111111113;11.76210912068685;0.04666666666666666;7.468888888888889;0.02666666666666667;0.7822222222222224;1378456605.5333333;5.64;13.928782992892797;6.566666666666666;8.377777777777778;0.028888888888888888;0.9511111111111114;1378465656.7333333;5.522222222222222;11.991000281439886;0.0;7.38;0.04;1.1222222222222225;1378476037.6;5.597777777777778;11.819883558485246;0.060000000000000005;7.882222222222223;0.08666666666666667;1.3444444444444443;1378485108.7;5.566666666666666;12.195449829101562;0.7266666666666666;7.673333333333333;0.042222222222222223;1.077777777777778;1378494109.6;5.513333333333334;11.504329257541231;0.0;7.391111111111111;0.04444444444444444;1.004444444444445;1378503110.0;5.595555555555557;12.824342939588758;5.884444444444444;8.08888888888889;0.02;0.8755555555555559;1378512111.0;5.48888888888889;13.928791469997831;6.620000000000001;8.339999999999998;0.02666666666666667;0.8688888888888892;1378521111.5666666;5.404444444444446;12.28211042616102;0.0;7.85111111111111;0.02222222222222222;0.7333333333333336;1378531392.7;5.515555555555555;11.899896833631727;0.38888888888888895;7.664316239316237;0.03111111111111111;0.7866666666666668;5.0
1378456605.5333333;5.64;13.928782992892797;6.566666666666666;8.377777777777778;0.028888888888888888;0.9511111111111114;1378465656.7333333;5.522222222222222;11.991000281439886;0.0;7.38;0.04;1.1222222222222225;1378476037.6;5.597777777777778;11.819883558485246;0.060000000000000005;7.882222222222223;0.08666666666666667;1.3444444444444443;1378485108.7;5.566666666666666;12.195449829101562;0.7266666666666666;7.673333333333333;0.042222222222222223;1.077777777777778;1378494109.6;5.513333333333334;11.504329257541231;0.0;7.391111111111111;0.04444444444444444;1.004444444444445;1378503110.0;5.595555555555557;12.824342939588758;5.884444444444444;8.08888888888889;0.02;0.8755555555555559;1378512111.0;5.48888888888889;13.928791469997831;6.620000000000001;8.339999999999998;0.02666666666666667;0.8688888888888892;1378521111.5666666;5.404444444444446;12.28211042616102;0.0;7.85111111111111;0.02222222222222222;0.7333333333333336;1378531392.7;5.515555555555555;11.899896833631727;0.38888888888888895;7.664316239316237;0.03111111111111111;0.7866666666666668;1378540613.1;5.404444444444445;11.630995008680555;0.4799999999999999;7.524444444444444;0.035555555555555556;0.8911111111111113;5.0
1378465656.7333333;5.522222222222222;11.991000281439886;0.0;7.38;0.04;1.1222222222222225;1378476037.6;5.597777777777778;11.819883558485246;0.060000000000000005;7.882222222222223;0.08666666666666667;1.3444444444444443;1378485108.7;5.566666666666666;12.195449829101562;0.7266666666666666;7.673333333333333;0.042222222222222223;1.077777777777778;1378494109.6;5.513333333333334;11.504329257541231;0.0;7.391111111111111;0.04444444444444444;1.004444444444445;1378503110.0;5.595555555555557;12.824342939588758;5.884444444444444;8.08888888888889;0.02;0.8755555555555559;1378512111.0;5.48888888888889;13.928791469997831;6.620000000000001;8.339999999999998;0.02666666666666667;0.8688888888888892;1378521111.5666666;5.404444444444446;12.28211042616102;0.0;7.85111111111111;0.02222222222222222;0.7333333333333336;1378531392.7;5.515555555555555;11.899896833631727;0.38888888888888895;7.664316239316237;0.03111111111111111;0.7866666666666668;1378540613.1;5.404444444444445;11.630995008680555;0.4799999999999999;7.524444444444444;0.035555555555555556;0.8911111111111113;1378549614.0;5.397777777777778;11.802105797661676;0.035555555555555556;7.406666666666665;0.031111111111111107;0.9333333333333336;5.0
1378476037.6;5.597777777777778;11.819883558485246;0.060000000000000005;7.882222222222223;0.08666666666666667;1.3444444444444443;1378485108.7;5.566666666666666;12.195449829101562;0.7266666666666666;7.673333333333333;0.042222222222222223;1.077777777777778;1378494109.6;5.513333333333334;11.504329257541231;0.0;7.391111111111111;0.04444444444444444;1.004444444444445;1378503110.0;5.595555555555557;12.824342939588758;5.884444444444444;8.08888888888889;0.02;0.8755555555555559;1378512111.0;5.48888888888889;13.928791469997831;6.620000000000001;8.339999999999998;0.02666666666666667;0.8688888888888892;1378521111.5666666;5.404444444444446;12.28211042616102;0.0;7.85111111111111;0.02222222222222222;0.7333333333333336;1378531392.7;5.515555555555555;11.899896833631727;0.38888888888888895;7.664316239316237;0.03111111111111111;0.7866666666666668;1378540613.1;5.404444444444445;11.630995008680555;0.4799999999999999;7.524444444444444;0.035555555555555556;0.8911111111111113;1378549614.0;5.397777777777778;11.802105797661676;0.035555555555555556;7.406666666666665;0.031111111111111107;0.9333333333333336;1378558615.0333333;5.500000000000002;13.770999908447266;6.535555555555556;8.440000000000001;0.057777777777777775;1.0733333333333333;5.0
1378485108.7;5.566666666666666;12.195449829101562;0.7266666666666666;7.673333333333333;0.042222222222222223;1.077777777777778;1378494109.6;5.513333333333334;11.504329257541231;0.0;7.391111111111111;0.04444444444444444;1.004444444444445;1378503110.0;5.595555555555557;12.824342939588758;5.884444444444444;8.08888888888889;0.02;0.8755555555555559;1378512111.0;5.48888888888889;13.928791469997831;6.620000000000001;8.339999999999998;0.02666666666666667;0.8688888888888892;1378521111.5666666;5.404444444444446;12.28211042616102;0.0;7.85111111111111;0.02222222222222222;0.7333333333333336;1378531392.7;5.515555555555555;11.899896833631727;0.38888888888888895;7.664316239316237;0.03111111111111111;0.7866666666666668;1378540613.1;5.404444444444445;11.630995008680555;0.4799999999999999;7.524444444444444;0.035555555555555556;0.8911111111111113;1378549614.0;5.397777777777778;11.802105797661676;0.035555555555555556;7.406666666666665;0.031111111111111107;0.9333333333333336;1378558615.0333333;5.500000000000002;13.770999908447266;6.535555555555556;8.440000000000001;0.057777777777777775;1.0733333333333333;1378567616.0;5.440000000000001;11.984331342909071;0.02222222222222222;7.88;0.04444444444444444;1.0666666666666667;5.0
1378494109.6;5.513333333333334;11.504329257541231;0.0;7.391111111111111;0.04444444444444444;1.004444444444445;1378503110.0;5.595555555555557;12.824342939588758;5.884444444444444;8.08888888888889;0.02;0.8755555555555559;1378512111.0;5.48888888888889;13.928791469997831;6.620000000000001;8.339999999999998;0.02666666666666667;0.8688888888888892;1378521111.5666666;5.404444444444446;12.28211042616102;0.0;7.85111111111111;0.02222222222222222;0.7333333333333336;1378531392.7;5.515555555555555;11.899896833631727;0.38888888888888895;7.664316239316237;0.03111111111111111;0.7866666666666668;1378540613.1;5.404444444444445;11.630995008680555;0.4799999999999999;7.524444444444444;0.035555555555555556;0.8911111111111113;1378549614.0;5.397777777777778;11.802105797661676;0.035555555555555556;7.406666666666665;0.031111111111111107;0.9333333333333336;1378558615.0333333;5.500000000000002;13.770999908447266;6.535555555555556;8.440000000000001;0.057777777777777775;1.0733333333333333;1378567616.0;5.440000000000001;11.984331342909071;0.02222222222222222;7.88;0.04444444444444444;1.0666666666666667;1378576616.7666667;5.3933333333333335;11.926556057400173;0.24888888888888888;7.4066666666666645;0.048888888888888885;1.0600000000000003;5.0
1378503110.0;5.595555555555557;12.824342939588758;5.884444444444444;8.08888888888889;0.02;0.8755555555555559;1378512111.0;5.48888888888889;13.928791469997831;6.620000000000001;8.339999999999998;0.02666666666666667;0.8688888888888892;1378521111.5666666;5.404444444444446;12.28211042616102;0.0;7.85111111111111;0.02222222222222222;0.7333333333333336;1378531392.7;5.515555555555555;11.899896833631727;0.38888888888888895;7.664316239316237;0.03111111111111111;0.7866666666666668;1378540613.1;5.404444444444445;11.630995008680555;0.4799999999999999;7.524444444444444;0.035555555555555556;0.8911111111111113;1378549614.0;5.397777777777778;11.802105797661676;0.035555555555555556;7.406666666666665;0.031111111111111107;0.9333333333333336;1378558615.0333333;5.500000000000002;13.770999908447266;6.535555555555556;8.440000000000001;0.057777777777777775;1.0733333333333333;1378567616.0;5.440000000000001;11.984331342909071;0.02222222222222222;7.88;0.04444444444444444;1.0666666666666667;1378576616.7666667;5.3933333333333335;11.926556057400173;0.24888888888888888;7.4066666666666645;0.048888888888888885;1.0600000000000003;1378585617.7666667;5.493333333333334;12.937670813666449;5.8;8.108888888888888;0.022222222222222223;0.9111111111111114;5.0
1378512111.0;5.48888888888889;13.928791469997831;6.620000000000001;8.339999999999998;0.02666666666666667;0.8688888888888892;1378521111.5666666;5.404444444444446;12.28211042616102;0.0;7.85111111111111;0.02222222222222222;0.7333333333333336;1378531392.7;5.515555555555555;11.899896833631727;0.38888888888888895;7.664316239316237;0.03111111111111111;0.7866666666666668;1378540613.1;5.404444444444445;11.630995008680555;0.4799999999999999;7.524444444444444;0.035555555555555556;0.8911111111111113;1378549614.0;5.397777777777778;11.802105797661676;0.035555555555555556;7.406666666666665;0.031111111111111107;0.9333333333333336;1378558615.0333333;5.500000000000002;13.770999908447266;6.535555555555556;8.440000000000001;0.057777777777777775;1.0733333333333333;1378567616.0;5.440000000000001;11.984331342909071;0.02222222222222222;7.88;0.04444444444444444;1.0666666666666667;1378576616.7666667;5.3933333333333335;11.926556057400173;0.24888888888888888;7.4066666666666645;0.048888888888888885;1.0600000000000003;1378585617.7666667;5.493333333333334;12.937670813666449;5.8;8.108888888888888;0.022222222222222223;0.9111111111111114;1378594618.6666667;5.413333333333332;11.613226148817272;0.09111111111111111;7.546666666666668;0.02888888888888889;0.9000000000000004;5.0
1378521111.5666666;5.404444444444446;12.28211042616102;0.0;7.85111111111111;0.02222222222222222;0.7333333333333336;1378531392.7;5.515555555555555;11.899896833631727;0.38888888888888895;7.664316239316237;0.03111111111111111;0.7866666666666668;1378540613.1;5.404444444444445;11.630995008680555;0.4799999999999999;7.524444444444444;0.035555555555555556;0.8911111111111113;1378549614.0;5.397777777777778;11.802105797661676;0.035555555555555556;7.406666666666665;0.031111111111111107;0.9333333333333336;1378558615.0333333;5.500000000000002;13.770999908447266;6.535555555555556;8.440000000000001;0.057777777777777775;1.0733333333333333;1378567616.0;5.440000000000001;11.984331342909071;0.02222222222222222;7.88;0.04444444444444444;1.0666666666666667;1378576616.7666667;5.3933333333333335;11.926556057400173;0.24888888888888888;7.4066666666666645;0.048888888888888885;1.0600000000000003;1378585617.7666667;5.493333333333334;12.937670813666449;5.8;8.108888888888888;0.022222222222222223;0.9111111111111114;1378594618.6666667;5.413333333333332;11.613226148817272;0.09111111111111111;7.546666666666668;0.02888888888888889;0.9000000000000004;1378603619.0666666;5.457777777777778;12.146563635932075;0.43555555555555553;7.735555555555558;0.024444444444444442;0.7799999999999999;5.0
1378531392.7;5.515555555555555;11.899896833631727;0.38888888888888895;7.664316239316237;0.03111111111111111;0.7866666666666668;1378540613.1;5.404444444444445;11.630995008680555;0.4799999999999999;7.524444444444444;0.035555555555555556;0.8911111111111113;1378549614.0;5.397777777777778;11.802105797661676;0.035555555555555556;7.406666666666665;0.031111111111111107;0.9333333333333336;1378558615.0333333;5.500000000000002;13.770999908447266;6.535555555555556;8.440000000000001;0.057777777777777775;1.0733333333333333;1378567616.0;5.440000000000001;11.984331342909071;0.02222222222222222;7.88;0.04444444444444444;1.0666666666666667;1378576616.7666667;5.3933333333333335;11.926556057400173;0.24888888888888888;7.4066666666666645;0.048888888888888885;1.0600000000000003;1378585617.7666667;5.493333333333334;12.937670813666449;5.8;8.108888888888888;0.022222222222222223;0.9111111111111114;1378594618.6666667;5.413333333333332;11.613226148817272;0.09111111111111111;7.546666666666668;0.02888888888888889;0.9000000000000004;1378603619.0666666;5.457777777777778;12.146563635932075;0.43555555555555553;7.735555555555558;0.024444444444444442;0.7799999999999999;1378612620.0;5.359999999999999;12.084334479437933;0.04666666666666666;7.687179487179487;0.03111111111111111;0.7533333333333334;5.0
1378540613.1;5.404444444444445;11.630995008680555;0.4799999999999999;7.524444444444444;0.035555555555555556;0.8911111111111113;1378549614.0;5.397777777777778;11.802105797661676;0.035555555555555556;7.406666666666665;0.031111111111111107;0.9333333333333336;1378558615.0333333;5.500000000000002;13.770999908447266;6.535555555555556;8.440000000000001;0.057777777777777775;1.0733333333333333;1378567616.0;5.440000000000001;11.984331342909071;0.02222222222222222;7.88;0.04444444444444444;1.0666666666666667;1378576616.7666667;5.3933333333333335;11.926556057400173;0.24888888888888888;7.4066666666666645;0.048888888888888885;1.0600000000000003;1378585617.7666667;5.493333333333334;12.937670813666449;5.8;8.108888888888888;0.022222222222222223;0.9111111111111114;1378594618.6666667;5.413333333333332;11.613226148817272;0.09111111111111111;7.546666666666668;0.02888888888888889;0.9000000000000004;1378603619.0666666;5.457777777777778;12.146563635932075;0.43555555555555553;7.735555555555558;0.024444444444444442;0.7799999999999999;1378612620.0;5.359999999999999;12.084334479437933;0.04666666666666666;7.687179487179487;0.03111111111111111;0.7533333333333334;1378621621.1333334;5.546666666666669;13.451003180609808;11.473333333333334;9.18888888888889;0.017777777777777778;0.74;5.0
1378549614.0;5.397777777777778;11.802105797661676;0.035555555555555556;7.406666666666665;0.031111111111111107;0.9333333333333336;1378558615.0333333;5.500000000000002;13.770999908447266;6.535555555555556;8.440000000000001;0.057777777777777775;1.0733333333333333;1378567616.0;5.440000000000001;11.984331342909071;0.02222222222222222;7.88;0.04444444444444444;1.0666666666666667;1378576616.7666667;5.3933333333333335;11.926556057400173;0.24888888888888888;7.4066666666666645;0.048888888888888885;1.0600000000000003;1378585617.7666667;5.493333333333334;12.937670813666449;5.8;8.108888888888888;0.022222222222222223;0.9111111111111114;1378594618.6666667;5.413333333333332;11.613226148817272;0.09111111111111111;7.546666666666668;0.02888888888888889;0.9000000000000004;1378603619.0666666;5.457777777777778;12.146563635932075;0.43555555555555553;7.735555555555558;0.024444444444444442;0.7799999999999999;1378612620.0;5.359999999999999;12.084334479437933;0.04666666666666666;7.687179487179487;0.03111111111111111;0.7533333333333334;1378621621.1333334;5.546666666666669;13.451003180609808;11.473333333333334;9.18888888888889;0.017777777777777778;0.74;1378630622.4666667;5.466666666666668;11.893224080403648;0.0022222222222222222;7.428888888888889;0.042222222222222223;1.0111111111111113;5.0
1378558615.0333333;5.500000000000002;13.770999908447266;6.535555555555556;8.440000000000001;0.057777777777777775;1.0733333333333333;1378567616.0;5.440000000000001;11.984331342909071;0.02222222222222222;7.88;0.04444444444444444;1.0666666666666667;1378576616.7666667;5.3933333333333335;11.926556057400173;0.24888888888888888;7.4066666666666645;0.048888888888888885;1.0600000000000003;1378585617.7666667;5.493333333333334;12.937670813666449;5.8;8.108888888888888;0.022222222222222223;0.9111111111111114;1378594618.6666667;5.413333333333332;11.613226148817272;0.09111111111111111;7.546666666666668;0.02888888888888889;0.9000000000000004;1378603619.0666666;5.457777777777778;12.146563635932075;0.43555555555555553;7.735555555555558;0.024444444444444442;0.7799999999999999;1378612620.0;5.359999999999999;12.084334479437933;0.04666666666666666;7.687179487179487;0.03111111111111111;0.7533333333333334;1378621621.1333334;5.546666666666669;13.451003180609808;11.473333333333334;9.18888888888889;0.017777777777777778;0.74;1378630622.4666667;5.466666666666668;11.893224080403648;0.0022222222222222222;7.428888888888889;0.042222222222222223;1.0111111111111113;1378639623.1666667;5.402222222222223;12.597675323486326;0.035555555555555556;7.606666666666667;0.03333333333333333;1.0022222222222223;5.0
1378567616.0;5.440000000000001;11.984331342909071;0.02222222222222222;7.88;0.04444444444444444;1.0666666666666667;1378576616.7666667;5.3933333333333335;11.926556057400173;0.24888888888888888;7.4066666666666645;0.048888888888888885;1.0600000000000003;1378585617.7666667;5.493333333333334;12.937670813666449;5.8;8.108888888888888;0.022222222222222223;0.9111111111111114;1378594618.6666667;5.413333333333332;11.613226148817272;0.09111111111111111;7.546666666666668;0.02888888888888889;0.9000000000000004;1378603619.0666666;5.457777777777778;12.146563635932075;0.43555555555555553;7.735555555555558;0.024444444444444442;0.7799999999999999;1378612620.0;5.359999999999999;12.084334479437933;0.04666666666666666;7.687179487179487;0.03111111111111111;0.7533333333333334;1378621621.1333334;5.546666666666669;13.451003180609808;11.473333333333334;9.18888888888889;0.017777777777777778;0.74;1378630622.4666667;5.466666666666668;11.893224080403648;0.0022222222222222222;7.428888888888889;0.042222222222222223;1.0111111111111113;1378639623.1666667;5.402222222222223;12.597675323486326;0.035555555555555556;7.606666666666667;0.03333333333333333;1.0022222222222223;1378648624.1666667;5.371111111111113;11.842114342583551;0.0;7.386666666666666;0.03777777777777778;1.028888888888889;5.0
1378576616.7666667;5.3933333333333335;11.926556057400173;0.24888888888888888;7.4066666666666645;0.048888888888888885;1.0600000000000003;1378585617.7666667;5.493333333333334;12.937670813666449;5.8;8.108888888888888;0.022222222222222223;0.9111111111111114;1378594618.6666667;5.413333333333332;11.613226148817272;0.09111111111111111;7.546666666666668;0.02888888888888889;0.9000000000000004;1378603619.0666666;5.457777777777778;12.146563635932075;0.43555555555555553;7.735555555555558;0.024444444444444442;0.7799999999999999;1378612620.0;5.359999999999999;12.084334479437933;0.04666666666666666;7.687179487179487;0.03111111111111111;0.7533333333333334;1378621621.1333334;5.546666666666669;13.451003180609808;11.473333333333334;9.18888888888889;0.017777777777777778;0.74;1378630622.4666667;5.466666666666668;11.893224080403648;0.0022222222222222222;7.428888888888889;0.042222222222222223;1.0111111111111113;1378639623.1666667;5.402222222222223;12.597675323486326;0.035555555555555556;7.606666666666667;0.03333333333333333;1.0022222222222223;1378648624.1666667;5.371111111111113;11.842114342583551;0.0;7.386666666666666;0.03777777777777778;1.028888888888889;1378657625.4666667;5.3822222222222225;12.055441114637585;0.43555555555555553;8.20888888888889;0.02222222222222222;1.0111111111111113;5.0
1378585617.7666667;5.493333333333334;12.937670813666449;5.8;8.108888888888888;0.022222222222222223;0.9111111111111114;1378594618.6666667;5.413333333333332;11.613226148817272;0.09111111111111111;7.546666666666668;0.02888888888888889;0.9000000000000004;1378603619.0666666;5.457777777777778;12.146563635932075;0.43555555555555553;7.735555555555558;0.024444444444444442;0.7799999999999999;1378612620.0;5.359999999999999;12.084334479437933;0.04666666666666666;7.687179487179487;0.03111111111111111;0.7533333333333334;1378621621.1333334;5.546666666666669;13.451003180609808;11.473333333333334;9.18888888888889;0.017777777777777778;0.74;1378630622.4666667;5.466666666666668;11.893224080403648;0.0022222222222222222;7.428888888888889;0.042222222222222223;1.0111111111111113;1378639623.1666667;5.402222222222223;12.597675323486326;0.035555555555555556;7.606666666666667;0.03333333333333333;1.0022222222222223;1378648624.1666667;5.371111111111113;11.842114342583551;0.0;7.386666666666666;0.03777777777777778;1.028888888888889;1378657625.4666667;5.3822222222222225;12.055441114637585;0.43555555555555553;8.20888888888889;0.02222222222222222;1.0111111111111113;1378666626.0666666;5.488888888888892;12.957665337456596;6.557777777777777;8.47777777777778;0.035555555555555556;0.9555555555555559;5.0
1378594618.6666667;5.413333333333332;11.613226148817272;0.09111111111111111;7.546666666666668;0.02888888888888889;0.9000000000000004;1378603619.0666666;5.457777777777778;12.146563635932075;0.43555555555555553;7.735555555555558;0.024444444444444442;0.7799999999999999;1378612620.0;5.359999999999999;12.084334479437933;0.04666666666666666;7.687179487179487;0.03111111111111111;0.7533333333333334;1378621621.1333334;5.546666666666669;13.451003180609808;11.473333333333334;9.18888888888889;0.017777777777777778;0.74;1378630622.4666667;5.466666666666668;11.893224080403648;0.0022222222222222222;7.428888888888889;0.042222222222222223;1.0111111111111113;1378639623.1666667;5.402222222222223;12.597675323486326;0.035555555555555556;7.606666666666667;0.03333333333333333;1.0022222222222223;1378648624.1666667;5.371111111111113;11.842114342583551;0.0;7.386666666666666;0.03777777777777778;1.028888888888889;1378657625.4666667;5.3822222222222225;12.055441114637585;0.43555555555555553;8.20888888888889;0.02222222222222222;1.0111111111111113;1378666626.0666666;5.488888888888892;12.957665337456596;6.557777777777777;8.47777777777778;0.035555555555555556;0.9555555555555559;1378675626.8666666;5.4377777777777805;12.955444759792751;5.9399999999999995;7.864444444444444;0.02222222222222222;0.8866666666666668;5.0
1378603619.0666666;5.457777777777778;12.146563635932075;0.43555555555555553;7.735555555555558;0.024444444444444442;0.7799999999999999;1378612620.0;5.359999999999999;12.084334479437933;0.04666666666666666;7.687179487179487;0.03111111111111111;0.7533333333333334;1378621621.1333334;5.546666666666669;13.451003180609808;11.473333333333334;9.18888888888889;0.017777777777777778;0.74;1378630622.4666667;5.466666666666668;11.893224080403648;0.0022222222222222222;7.428888888888889;0.042222222222222223;1.0111111111111113;1378639623.1666667;5.402222222222223;12.597675323486326;0.035555555555555556;7.606666666666667;0.03333333333333333;1.0022222222222223;1378648624.1666667;5.371111111111113;11.842114342583551;0.0;7.386666666666666;0.03777777777777778;1.028888888888889;1378657625.4666667;5.3822222222222225;12.055441114637585;0.43555555555555553;8.20888888888889;0.02222222222222222;1.0111111111111113;1378666626.0666666;5.488888888888892;12.957665337456596;6.557777777777777;8.47777777777778;0.035555555555555556;0.9555555555555559;1378675626.8666666;5.4377777777777805;12.955444759792751;5.9399999999999995;7.864444444444444;0.02222222222222222;0.8866666666666668;1378684627.9;5.337777777777778;11.659889221191406;0.05999999999999999;7.464444444444442;0.02888888888888889;0.7977777777777779;5.0
1378612620.0;5.359999999999999;12.084334479437933;0.04666666666666666;7.687179487179487;0.03111111111111111;0.7533333333333334;1378621621.1333334;5.546666666666669;13.451003180609808;11.473333333333334;9.18888888888889;0.017777777777777778;0.74;1378630622.4666667;5.466666666666668;11.893224080403648;0.0022222222222222222;7.428888888888889;0.042222222222222223;1.0111111111111113;1378639623.1666667;5.402222222222223;12.597675323486326;0.035555555555555556;7.606666666666667;0.03333333333333333;1.0022222222222223;1378648624.1666667;5.371111111111113;11.842114342583551;0.0;7.386666666666666;0.03777777777777778;1.028888888888889;1378657625.4666667;5.3822222222222225;12.055441114637585;0.43555555555555553;8.20888888888889;0.02222222222222222;1.0111111111111113;1378666626.0666666;5.488888888888892;12.957665337456596;6.557777777777777;8.47777777777778;0.035555555555555556;0.9555555555555559;1378675626.8666666;5.4377777777777805;12.955444759792751;5.9399999999999995;7.864444444444444;0.02222222222222222;0.8866666666666668;1378684627.9;5.337777777777778;11.659889221191406;0.05999999999999999;7.464444444444442;0.02888888888888889;0.7977777777777779;1378693628.8;5.357777777777779;12.284338633219399;0.0;7.455555555555557;0.02;0.6866666666666666;5.0
1378621621.1333334;5.546666666666669;13.451003180609808;11.473333333333334;9.18888888888889;0.017777777777777778;0.74;1378630622.4666667;5.466666666666668;11.893224080403648;0.0022222222222222222;7.428888888888889;0.042222222222222223;1.0111111111111113;1378639623.1666667;5.402222222222223;12.597675323486326;0.035555555555555556;7.606666666666667;0.03333333333333333;1.0022222222222223;1378648624.1666667;5.371111111111113;11.842114342583551;0.0;7.386666666666666;0.03777777777777778;1.028888888888889;1378657625.4666667;5.3822222222222225;12.055441114637585;0.43555555555555553;8.20888888888889;0.02222222222222222;1.0111111111111113;1378666626.0666666;5.488888888888892;12.957665337456596;6.557777777777777;8.47777777777778;0.035555555555555556;0.9555555555555559;1378675626.8666666;5.4377777777777805;12.955444759792751;5.9399999999999995;7.864444444444444;0.02222222222222222;0.8866666666666668;1378684627.9;5.337777777777778;11.659889221191406;0.05999999999999999;7.464444444444442;0.02888888888888889;0.7977777777777779;1378693628.8;5.357777777777779;12.284338633219399;0.0;7.455555555555557;0.02;0.6866666666666666;1378702629.5666666;5.348888888888891;12.297662946912977;0.24888888888888888;8.037777777777778;0.035555555555555556;0.7777777777777778;5.0
1378630622.4666667;5.466666666666668;11.893224080403648;0.0022222222222222222;7.428888888888889;0.042222222222222223;1.0111111111111113;1378639623.1666667;5.402222222222223;12.597675323486326;0.035555555555555556;7.606666666666667;0.03333333333333333;1.0022222222222223;1378648624.1666667;5.371111111111113;11.842114342583551;0.0;7.386666666666666;0.03777777777777778;1.028888888888889;1378657625.4666667;5.3822222222222225;12.055441114637585;0.43555555555555553;8.20888888888889;0.02222222222222222;1.0111111111111113;1378666626.0666666;5.488888888888892;12.957665337456596;6.557777777777777;8.47777777777778;0.035555555555555556;0.9555555555555559;1378675626.8666666;5.4377777777777805;12.955444759792751;5.9399999999999995;7.864444444444444;0.02222222222222222;0.8866666666666668;1378684627.9;5.337777777777778;11.659889221191406;0.05999999999999999;7.464444444444442;0.02888888888888889;0.7977777777777779;1378693628.8;5.357777777777779;12.284338633219399;0.0;7.455555555555557;0.02;0.6866666666666666;1378702629.5666666;5.348888888888891;12.297662946912977;0.24888888888888888;8.037777777777778;0.035555555555555556;0.7777777777777778;1378711630.5333333;5.5022222222222235;13.85767534044054;5.046666666666667;8.573333333333332;0.035555555555555556;0.8577777777777781;5.0
1378639623.1666667;5.402222222222223;12.597675323486326;0.035555555555555556;7.606666666666667;0.03333333333333333;1.0022222222222223;1378648624.1666667;5.371111111111113;11.842114342583551;0.0;7.386666666666666;0.03777777777777778;1.028888888888889;1378657625.4666667;5.3822222222222225;12.055441114637585;0.43555555555555553;8.20888888888889;0.02222222222222222;1.0111111111111113;1378666626.0666666;5.488888888888892;12.957665337456596;6.557777777777777;8.47777777777778;0.035555555555555556;0.9555555555555559;1378675626.8666666;5.4377777777777805;12.955444759792751;5.9399999999999995;7.864444444444444;0.02222222222222222;0.8866666666666668;1378684627.9;5.337777777777778;11.659889221191406;0.05999999999999999;7.464444444444442;0.02888888888888889;0.7977777777777779;1378693628.8;5.357777777777779;12.284338633219399;0.0;7.455555555555557;0.02;0.6866666666666666;1378702629.5666666;5.348888888888891;12.297662946912977;0.24888888888888888;8.037777777777778;0.035555555555555556;0.7777777777777778;1378711630.5333333;5.5022222222222235;13.85767534044054;5.046666666666667;8.573333333333332;0.035555555555555556;0.8577777777777781;1378720631.8333333;5.435555555555557;12.608780754937067;1.9244444444444444;7.620000000000001;0.035555555555555556;1.0555555555555558;5.0
1378648624.1666667;5.371111111111113;11.842114342583551;0.0;7.386666666666666;0.03777777777777778;1.028888888888889;1378657625.4666667;5.3822222222222225;12.055441114637585;0.43555555555555553;8.20888888888889;0.02222222222222222;1.0111111111111113;1378666626.0666666;5.488888888888892;12.957665337456596;6.557777777777777;8.47777777777778;0.035555555555555556;0.9555555555555559;1378675626.8666666;5.4377777777777805;12.955444759792751;5.9399999999999995;7.864444444444444;0.02222222222222222;0.8866666666666668;1378684627.9;5.337777777777778;11.659889221191406;0.05999999999999999;7.464444444444442;0.02888888888888889;0.7977777777777779;1378693628.8;5.357777777777779;12.284338633219399;0.0;7.455555555555557;0.02;0.6866666666666666;1378702629.5666666;5.348888888888891;12.297662946912977;0.24888888888888888;8.037777777777778;0.035555555555555556;0.7777777777777778;1378711630.5333333;5.5022222222222235;13.85767534044054;5.046666666666667;8.573333333333332;0.035555555555555556;0.8577777777777781;1378720631.8333333;5.435555555555557;12.608780754937067;1.9244444444444444;7.620000000000001;0.035555555555555556;1.0555555555555558;1378729632.7;5.404444444444446;12.43767250908746;0.0;7.588888888888889;0.035555555555555556;1.1444444444444446;5.0
1378657625.4666667;5.3822222222222225;12.055441114637585;0.43555555555555553;8.20888888888889;0.02222222222222222;1.0111111111111113;1378666626.0666666;5.488888888888892;12.957665337456596;6.557777777777777;8.47777777777778;0.035555555555555556;0.9555555555555559;1378675626.8666666;5.4377777777777805;12.955444759792751;5.9399999999999995;7.864444444444444;0.02222222222222222;0.8866666666666668;1378684627.9;5.337777777777778;11.659889221191406;0.05999999999999999;7.464444444444442;0.02888888888888889;0.7977777777777779;1378693628.8;5.357777777777779;12.284338633219399;0.0;7.455555555555557;0.02;0.6866666666666666;1378702629.5666666;5.348888888888891;12.297662946912977;0.24888888888888888;8.037777777777778;0.035555555555555556;0.7777777777777778;1378711630.5333333;5.5022222222222235;13.85767534044054;5.046666666666667;8.573333333333332;0.035555555555555556;0.8577777777777781;1378720631.8333333;5.435555555555557;12.608780754937067;1.9244444444444444;7.620000000000001;0.035555555555555556;1.0555555555555558;1378729632.7;5.404444444444446;12.43767250908746;0.0;7.588888888888889;0.035555555555555556;1.1444444444444446;1378738633.1333334;5.3755555555555565;11.817660861545143;0.0;7.219999999999998;0.062222222222222213;1.2399999999999998;5.0
1378666626.0666666;5.488888888888892;12.957665337456596;6.557777777777777;8.47777777777778;0.035555555555555556;0.9555555555555559;1378675626.8666666;5.4377777777777805;12.955444759792751;5.9399999999999995;7.864444444444444;0.02222222222222222;0.8866666666666668;1378684627.9;5.337777777777778;11.659889221191406;0.05999999999999999;7.464444444444442;0.02888888888888889;0.7977777777777779;1378693628.8;5.357777777777779;12.284338633219399;0.0;7.455555555555557;0.02;0.6866666666666666;1378702629.5666666;5.348888888888891;12.297662946912977;0.24888888888888888;8.037777777777778;0.035555555555555556;0.7777777777777778;1378711630.5333333;5.5022222222222235;13.85767534044054;5.046666666666667;8.573333333333332;0.035555555555555556;0.8577777777777781;1378720631.8333333;5.435555555555557;12.608780754937067;1.9244444444444444;7.620000000000001;0.035555555555555556;1.0555555555555558;1378729632.7;5.404444444444446;12.43767250908746;0.0;7.588888888888889;0.035555555555555556;1.1444444444444446;1378738633.1333334;5.3755555555555565;11.817660861545143;0.0;7.219999999999998;0.062222222222222213;1.2399999999999998;1378747634.0;5.386666666666667;11.89099375406901;0.07555555555555556;7.9399999999999995;0.03333333333333333;1.0622222222222224;5.0
1378675626.8666666;5.4377777777777805;12.955444759792751;5.9399999999999995;7.864444444444444;0.02222222222222222;0.8866666666666668;1378684627.9;5.337777777777778;11.659889221191406;0.05999999999999999;7.464444444444442;0.02888888888888889;0.7977777777777779;1378693628.8;5.357777777777779;12.284338633219399;0.0;7.455555555555557;0.02;0.6866666666666666;1378702629.5666666;5.348888888888891;12.297662946912977;0.24888888888888888;8.037777777777778;0.035555555555555556;0.7777777777777778;1378711630.5333333;5.5022222222222235;13.85767534044054;5.046666666666667;8.573333333333332;0.035555555555555556;0.8577777777777781;1378720631.8333333;5.435555555555557;12.608780754937067;1.9244444444444444;7.620000000000001;0.035555555555555556;1.0555555555555558;1378729632.7;5.404444444444446;12.43767250908746;0.0;7.588888888888889;0.035555555555555556;1.1444444444444446;1378738633.1333334;5.3755555555555565;11.817660861545143;0.0;7.219999999999998;0.062222222222222213;1.2399999999999998;1378747634.0;5.386666666666667;11.89099375406901;0.07555555555555556;7.9399999999999995;0.03333333333333333;1.0622222222222224;1378756634.9666667;5.422222222222225;12.606552547878692;5.8;8.011111111111113;0.035555555555555556;1.0311111111111113;5.0
1378684627.9;5.337777777777778;11.659889221191406;0.05999999999999999;7.464444444444442;0.02888888888888889;0.7977777777777779;1378693628.8;5.357777777777779;12.284338633219399;0.0;7.455555555555557;0.02;0.6866666666666666;1378702629.5666666;5.348888888888891;12.297662946912977;0.24888888888888888;8.037777777777778;0.035555555555555556;0.7777777777777778;1378711630.5333333;5.5022222222222235;13.85767534044054;5.046666666666667;8.573333333333332;0.035555555555555556;0.8577777777777781;1378720631.8333333;5.435555555555557;12.608780754937067;1.9244444444444444;7.620000000000001;0.035555555555555556;1.0555555555555558;1378729632.7;5.404444444444446;12.43767250908746;0.0;7.588888888888889;0.035555555555555556;1.1444444444444446;1378738633.1333334;5.3755555555555565;11.817660861545143;0.0;7.219999999999998;0.062222222222222213;1.2399999999999998;1378747634.0;5.386666666666667;11.89099375406901;0.07555555555555556;7.9399999999999995;0.03333333333333333;1.0622222222222224;1378756634.9666667;5.422222222222225;12.606552547878692;5.8;8.011111111111113;0.035555555555555556;1.0311111111111113;1378765635.5666666;5.466666666666669;14.01100116305881;6.635555555555556;8.451111111111112;0.017777777777777778;0.8333333333333335;5.0
1378693628.8;5.357777777777779;12.284338633219399;0.0;7.455555555555557;0.02;0.6866666666666666;1378702629.5666666;5.348888888888891;12.297662946912977;0.24888888888888888;8.037777777777778;0.035555555555555556;0.7777777777777778;1378711630.5333333;5.5022222222222235;13.85767534044054;5.046666666666667;8.573333333333332;0.035555555555555556;0.8577777777777781;1378720631.8333333;5.435555555555557;12.608780754937067;1.9244444444444444;7.620000000000001;0.035555555555555556;1.0555555555555558;1378729632.7;5.404444444444446;12.43767250908746;0.0;7.588888888888889;0.035555555555555556;1.1444444444444446;1378738633.1333334;5.3755555555555565;11.817660861545143;0.0;7.219999999999998;0.062222222222222213;1.2399999999999998;1378747634.0;5.386666666666667;11.89099375406901;0.07555555555555556;7.9399999999999995;0.03333333333333333;1.0622222222222224;1378756634.9666667;5.422222222222225;12.606552547878692;5.8;8.011111111111113;0.035555555555555556;1.0311111111111113;1378765635.5666666;5.466666666666669;14.01100116305881;6.635555555555556;8.451111111111112;0.017777777777777778;0.8333333333333335;1378774636.1666667;5.36;11.257661183675129;0.44;7.8599999999999985;0.02888888888888889;0.8311111111111112;5.0
1378702629.5666666;5.348888888888891;12.297662946912977;0.24888888888888888;8.037777777777778;0.035555555555555556;0.7777777777777778;1378711630.5333333;5.5022222222222235;13.85767534044054;5.046666666666667;8.573333333333332;0.035555555555555556;0.8577777777777781;1378720631.8333333;5.435555555555557;12.608780754937067;1.9244444444444444;7.620000000000001;0.035555555555555556;1.0555555555555558;1378729632.7;5.404444444444446;12.43767250908746;0.0;7.588888888888889;0.035555555555555556;1.1444444444444446;1378738633.1333334;5.3755555555555565;11.817660861545143;0.0;7.219999999999998;0.062222222222222213;1.2399999999999998;1378747634.0;5.386666666666667;11.89099375406901;0.07555555555555556;7.9399999999999995;0.03333333333333333;1.0622222222222224;1378756634.9666667;5.422222222222225;12.606552547878692;5.8;8.011111111111113;0.035555555555555556;1.0311111111111113;1378765635.5666666;5.466666666666669;14.01100116305881;6.635555555555556;8.451111111111112;0.017777777777777778;0.8333333333333335;1378774636.1666667;5.36;11.257661183675129;0.44;7.8599999999999985;0.02888888888888889;0.8311111111111112;1378783637.1333334;5.382222222222224;11.824331071641714;0.035555555555555556;7.483333333333333;0.024444444444444442;0.7511111111111112;5.0
1378711630.5333333;5.5022222222222235;13.85767534044054;5.046666666666667;8.573333333333332;0.035555555555555556;0.8577777777777781;1378720631.8333333;5.435555555555557;12.608780754937067;1.9244444444444444;7.620000000000001;0.035555555555555556;1.0555555555555558;1378729632.7;5.404444444444446;12.43767250908746;0.0;7.588888888888889;0.035555555555555556;1.1444444444444446;1378738633.1333334;5.3755555555555565;11.817660861545143;0.0;7.219999999999998;0.062222222222222213;1.2399999999999998;1378747634.0;5.386666666666667;11.89099375406901;0.07555555555555556;7.9399999999999995;0.03333333333333333;1.0622222222222224;1378756634.9666667;5.422222222222225;12.606552547878692;5.8;8.011111111111113;0.035555555555555556;1.0311111111111113;1378765635.5666666;5.466666666666669;14.01100116305881;6.635555555555556;8.451111111111112;0.017777777777777778;0.8333333333333335;1378774636.1666667;5.36;11.257661183675129;0.44;7.8599999999999985;0.02888888888888889;0.8311111111111112;1378783637.1333334;5.382222222222224;11.824331071641714;0.035555555555555556;7.483333333333333;0.024444444444444442;0.7511111111111112;1378792638.2666667;5.353333333333334;11.797673543294273;0.02666666666666667;7.819999999999998;0.02666666666666667;0.8200000000000003;5.0
1378720631.8333333;5.435555555555557;12.608780754937067;1.9244444444444444;7.620000000000001;0.035555555555555556;1.0555555555555558;1378729632.7;5.404444444444446;12.43767250908746;0.0;7.588888888888889;0.035555555555555556;1.1444444444444446;1378738633.1333334;5.3755555555555565;11.817660861545143;0.0;7.219999999999998;0.062222222222222213;1.2399999999999998;1378747634.0;5.386666666666667;11.89099375406901;0.07555555555555556;7.9399999999999995;0.03333333333333333;1.0622222222222224;1378756634.9666667;5.422222222222225;12.606552547878692;5.8;8.011111111111113;0.035555555555555556;1.0311111111111113;1378765635.5666666;5.466666666666669;14.01100116305881;6.635555555555556;8.451111111111112;0.017777777777777778;0.8333333333333335;1378774636.1666667;5.36;11.257661183675129;0.44;7.8599999999999985;0.02888888888888889;0.8311111111111112;1378783637.1333334;5.382222222222224;11.824331071641714;0.035555555555555556;7.483333333333333;0.024444444444444442;0.7511111111111112;1378792638.2666667;5.353333333333334;11.797673543294273;0.02666666666666667;7.819999999999998;0.02666666666666667;0.8200000000000003;1378801638.9;5.384444444444445;11.886549631754557;0.0;7.335555555555556;0.02222222222222222;0.937777777777778;5.0
1378729632.7;5.404444444444446;12.43767250908746;0.0;7.588888888888889;0.035555555555555556;1.1444444444444446;1378738633.1333334;5.3755555555555565;11.817660861545143;0.0;7.219999999999998;0.062222222222222213;1.2399999999999998;1378747634.0;5.386666666666667;11.89099375406901;0.07555555555555556;7.9399999999999995;0.03333333333333333;1.0622222222222224;1378756634.9666667;5.422222222222225;12.606552547878692;5.8;8.011111111111113;0.035555555555555556;1.0311111111111113;1378765635.5666666;5.466666666666669;14.01100116305881;6.635555555555556;8.451111111111112;0.017777777777777778;0.8333333333333335;1378774636.1666667;5.36;11.257661183675129;0.44;7.8599999999999985;0.02888888888888889;0.8311111111111112;1378783637.1333334;5.382222222222224;11.824331071641714;0.035555555555555556;7.483333333333333;0.024444444444444442;0.7511111111111112;1378792638.2666667;5.353333333333334;11.797673543294273;0.02666666666666667;7.819999999999998;0.02666666666666667;0.8200000000000003;1378801638.9;5.384444444444445;11.886549631754557;0.0;7.335555555555556;0.02222222222222222;0.937777777777778;1378810639.7;5.393333333333334;11.97988552517361;0.05777777777777778;7.591111111111112;0.03777777777777778;1.0822222222222224;5.0
1378738633.1333334;5.3755555555555565;11.817660861545143;0.0;7.219999999999998;0.062222222222222213;1.2399999999999998;1378747634.0;5.386666666666667;11.89099375406901;0.07555555555555556;7.9399999999999995;0.03333333333333333;1.0622222222222224;1378756634.9666667;5.422222222222225;12.606552547878692;5.8;8.011111111111113;0.035555555555555556;1.0311111111111113;1378765635.5666666;5.466666666666669;14.01100116305881;6.635555555555556;8.451111111111112;0.017777777777777778;0.8333333333333335;1378774636.1666667;5.36;11.257661183675129;0.44;7.8599999999999985;0.02888888888888889;0.8311111111111112;1378783637.1333334;5.382222222222224;11.824331071641714;0.035555555555555556;7.483333333333333;0.024444444444444442;0.7511111111111112;1378792638.2666667;5.353333333333334;11.797673543294273;0.02666666666666667;7.819999999999998;0.02666666666666667;0.8200000000000003;1378801638.9;5.384444444444445;11.886549631754557;0.0;7.335555555555556;0.02222222222222222;0.937777777777778;1378810639.7;5.393333333333334;11.97988552517361;0.05777777777777778;7.591111111111112;0.03777777777777778;1.0822222222222224;1378819640.5;5.567407407407409;13.85322570800781;6.597777777777777;8.345277777777778;0.04416666666666667;1.166388888888889;5.0
1378747634.0;5.386666666666667;11.89099375406901;0.07555555555555556;7.9399999999999995;0.03333333333333333;1.0622222222222224;1378756634.9666667;5.422222222222225;12.606552547878692;5.8;8.011111111111113;0.035555555555555556;1.0311111111111113;1378765635.5666666;5.466666666666669;14.01100116305881;6.635555555555556;8.451111111111112;0.017777777777777778;0.8333333333333335;1378774636.1666667;5.36;11.257661183675129;0.44;7.8599999999999985;0.02888888888888889;0.8311111111111112;1378783637.1333334;5.382222222222224;11.824331071641714;0.035555555555555556;7.483333333333333;0.024444444444444442;0.7511111111111112;1378792638.2666667;5.353333333333334;11.797673543294273;0.02666666666666667;7.819999999999998;0.02666666666666667;0.8200000000000003;1378801638.9;5.384444444444445;11.886549631754557;0.0;7.335555555555556;0.02222222222222222;0.937777777777778;1378810639.7;5.393333333333334;11.97988552517361;0.05777777777777778;7.591111111111112;0.03777777777777778;1.0822222222222224;1378819640.5;5.567407407407409;13.85322570800781;6.597777777777777;8.345277777777778;0.04416666666666667;1.166388888888889;1378828641.1;5.3466666666666685;12.07989035712348;0.41777777777777775;7.71111111111111;0.03333333333333333;1.1422222222222222;5.0
1378756634.9666667;5.422222222222225;12.606552547878692;5.8;8.011111111111113;0.035555555555555556;1.0311111111111113;1378765635.5666666;5.466666666666669;14.01100116305881;6.635555555555556;8.451111111111112;0.017777777777777778;0.8333333333333335;1378774636.1666667;5.36;11.257661183675129;0.44;7.8599999999999985;0.02888888888888889;0.8311111111111112;1378783637.1333334;5.382222222222224;11.824331071641714;0.035555555555555556;7.483333333333333;0.024444444444444442;0.7511111111111112;1378792638.2666667;5.353333333333334;11.797673543294273;0.02666666666666667;7.819999999999998;0.02666666666666667;0.8200000000000003;1378801638.9;5.384444444444445;11.886549631754557;0.0;7.335555555555556;0.02222222222222222;0.937777777777778;1378810639.7;5.393333333333334;11.97988552517361;0.05777777777777778;7.591111111111112;0.03777777777777778;1.0822222222222224;1378819640.5;5.567407407407409;13.85322570800781;6.597777777777777;8.345277777777778;0.04416666666666667;1.166388888888889;1378828641.1;5.3466666666666685;12.07989035712348;0.41777777777777775;7.71111111111111;0.03333333333333333;1.1422222222222222;1378837641.8666666;5.437777777777779;11.582110087076822;0.21333333333333335;7.928888888888888;0.02222222222222222;1.0177777777777781;5.0
1378765635.5666666;5.466666666666669;14.01100116305881;6.635555555555556;8.451111111111112;0.017777777777777778;0.8333333333333335;1378774636.1666667;5.36;11.257661183675129;0.44;7.8599999999999985;0.02888888888888889;0.8311111111111112;1378783637.1333334;5.382222222222224;11.824331071641714;0.035555555555555556;7.483333333333333;0.024444444444444442;0.7511111111111112;1378792638.2666667;5.353333333333334;11.797673543294273;0.02666666666666667;7.819999999999998;0.02666666666666667;0.8200000000000003;1378801638.9;5.384444444444445;11.886549631754557;0.0;7.335555555555556;0.02222222222222222;0.937777777777778;1378810639.7;5.393333333333334;11.97988552517361;0.05777777777777778;7.591111111111112;0.03777777777777778;1.0822222222222224;1378819640.5;5.567407407407409;13.85322570800781;6.597777777777777;8.345277777777778;0.04416666666666667;1.166388888888889;1378828641.1;5.3466666666666685;12.07989035712348;0.41777777777777775;7.71111111111111;0.03333333333333333;1.1422222222222222;1378837641.8666666;5.437777777777779;11.582110087076822;0.21333333333333335;7.928888888888888;0.02222222222222222;1.0177777777777781;1378846643.0;5.468888888888889;12.279895358615448;5.8;7.915555555555557;0.03111111111111111;0.9488888888888892;5.0
1378774636.1666667;5.36;11.257661183675129;0.44;7.8599999999999985;0.02888888888888889;0.8311111111111112;1378783637.1333334;5.382222222222224;11.824331071641714;0.035555555555555556;7.483333333333333;0.024444444444444442;0.7511111111111112;1378792638.2666667;5.353333333333334;11.797673543294273;0.02666666666666667;7.819999999999998;0.02666666666666667;0.8200000000000003;1378801638.9;5.384444444444445;11.886549631754557;0.0;7.335555555555556;0.02222222222222222;0.937777777777778;1378810639.7;5.393333333333334;11.97988552517361;0.05777777777777778;7.591111111111112;0.03777777777777778;1.0822222222222224;1378819640.5;5.567407407407409;13.85322570800781;6.597777777777777;8.345277777777778;0.04416666666666667;1.166388888888889;1378828641.1;5.3466666666666685;12.07989035712348;0.41777777777777775;7.71111111111111;0.03333333333333333;1.1422222222222222;1378837641.8666666;5.437777777777779;11.582110087076822;0.21333333333333335;7.928888888888888;0.02222222222222222;1.0177777777777781;1378846643.0;5.468888888888889;12.279895358615448;5.8;7.915555555555557;0.03111111111111111;0.9488888888888892;1378855643.8333333;5.553333333333333;12.453219943576386;5.993333333333333;13.748888888888892;0.017777777777777778;0.7622222222222221;5.0
1378783637.1333334;5.382222222222224;11.824331071641714;0.035555555555555556;7.483333333333333;0.024444444444444442;0.7511111111111112;1378792638.2666667;5.353333333333334;11.797673543294273;0.02666666666666667;7.819999999999998;0.02666666666666667;0.8200000000000003;1378801638.9;5.384444444444445;11.886549631754557;0.0;7.335555555555556;0.02222222222222222;0.937777777777778;1378810639.7;5.393333333333334;11.97988552517361;0.05777777777777778;7.591111111111112;0.03777777777777778;1.0822222222222224;1378819640.5;5.567407407407409;13.85322570800781;6.597777777777777;8.345277777777778;0.04416666666666667;1.166388888888889;1378828641.1;5.3466666666666685;12.07989035712348;0.41777777777777775;7.71111111111111;0.03333333333333333;1.1422222222222222;1378837641.8666666;5.437777777777779;11.582110087076822;0.21333333333333335;7.928888888888888;0.02222222222222222;1.0177777777777781;1378846643.0;5.468888888888889;12.279895358615448;5.8;7.915555555555557;0.03111111111111111;0.9488888888888892;1378855643.8333333;5.553333333333333;12.453219943576386;5.993333333333333;13.748888888888892;0.017777777777777778;0.7622222222222221;1378864644.1;5.577777777777778;13.651011149088541;6.555555555555555;7.897777777777778;0.02666666666666667;0.7688888888888887;5.0
1378792638.2666667;5.353333333333334;11.797673543294273;0.02666666666666667;7.819999999999998;0.02666666666666667;0.8200000000000003;1378801638.9;5.384444444444445;11.886549631754557;0.0;7.335555555555556;0.02222222222222222;0.937777777777778;1378810639.7;5.393333333333334;11.97988552517361;0.05777777777777778;7.591111111111112;0.03777777777777778;1.0822222222222224;1378819640.5;5.567407407407409;13.85322570800781;6.597777777777777;8.345277777777778;0.04416666666666667;1.166388888888889;1378828641.1;5.3466666666666685;12.07989035712348;0.41777777777777775;7.71111111111111;0.03333333333333333;1.1422222222222222;1378837641.8666666;5.437777777777779;11.582110087076822;0.21333333333333335;7.928888888888888;0.02222222222222222;1.0177777777777781;1378846643.0;5.468888888888889;12.279895358615448;5.8;7.915555555555557;0.03111111111111111;0.9488888888888892;1378855643.8333333;5.553333333333333;12.453219943576386;5.993333333333333;13.748888888888892;0.017777777777777778;0.7622222222222221;1378864644.1;5.577777777777778;13.651011149088541;6.555555555555555;7.897777777777778;0.02666666666666667;0.7688888888888887;1378873644.7333333;5.504444444444446;11.959893544514975;0.013333333333333334;7.588888888888889;0.02;0.7777777777777779;5.0
1378801638.9;5.384444444444445;11.886549631754557;0.0;7.335555555555556;0.02222222222222222;0.937777777777778;1378810639.7;5.393333333333334;11.97988552517361;0.05777777777777778;7.591111111111112;0.03777777777777778;1.0822222222222224;1378819640.5;5.567407407407409;13.85322570800781;6.597777777777777;8.345277777777778;0.04416666666666667;1.166388888888889;1378828641.1;5.3466666666666685;12.07989035712348;0.41777777777777775;7.71111111111111;0.03333333333333333;1.1422222222222222;1378837641.8666666;5.437777777777779;11.582110087076822;0.21333333333333335;7.928888888888888;0.02222222222222222;1.0177777777777781;1378846643.0;5.468888888888889;12.279895358615448;5.8;7.915555555555557;0.03111111111111111;0.9488888888888892;1378855643.8333333;5.553333333333333;12.453219943576386;5.993333333333333;13.748888888888892;0.017777777777777778;0.7622222222222221;1378864644.1;5.577777777777778;13.651011149088541;6.555555555555555;7.897777777777778;0.02666666666666667;0.7688888888888887;1378873644.7333333;5.504444444444446;11.959893544514975;0.013333333333333334;7.588888888888889;0.02;0.7777777777777779;1378882645.7666667;5.44;12.013220893012152;0.05777777777777778;7.762380952380951;0.03111111111111111;0.8666666666666667;5.0
1378810639.7;5.393333333333334;11.97988552517361;0.05777777777777778;7.591111111111112;0.03777777777777778;1.0822222222222224;1378819640.5;5.567407407407409;13.85322570800781;6.597777777777777;8.345277777777778;0.04416666666666667;1.166388888888889;1378828641.1;5.3466666666666685;12.07989035712348;0.41777777777777775;7.71111111111111;0.03333333333333333;1.1422222222222222;1378837641.8666666;5.437777777777779;11.582110087076822;0.21333333333333335;7.928888888888888;0.02222222222222222;1.0177777777777781;1378846643.0;5.468888888888889;12.279895358615448;5.8;7.915555555555557;0.03111111111111111;0.9488888888888892;1378855643.8333333;5.553333333333333;12.453219943576386;5.993333333333333;13.748888888888892;0.017777777777777778;0.7622222222222221;1378864644.1;5.577777777777778;13.651011149088541;6.555555555555555;7.897777777777778;0.02666666666666667;0.7688888888888887;1378873644.7333333;5.504444444444446;11.959893544514975;0.013333333333333334;7.588888888888889;0.02;0.7777777777777779;1378882645.7666667;5.44;12.013220893012152;0.05777777777777778;7.762380952380951;0.03111111111111111;0.8666666666666667;1378891646.7;5.497777777777778;12.191001892089846;0.41555555555555557;7.74;0.035555555555555556;1.0799999999999998;5.0
